257 140
258 140
259 140
260 140
261 140
262 140
263 140
264 140
265 140
266 140
256 141
257 141
258 141
259 141
260 141
261 141
262 141
263 141
264 141
265 141
266 141
267 141
255 142
256 142
257 142
258 142
259 142
260 142
261 142
262 142
263 142
264 142
265 142
266 142
267 142
254 143
255 143
256 143
257 143
258 143
259 143
260 143
261 143
262 143
263 143
264 143
265 143
266 143
267 143
268 143
253 144
254 144
255 144
256 144
257 144
258 144
259 144
260 144
261 144
262 144
263 144
264 144
265 144
266 144
267 144
268 144
269 144
252 145
253 145
254 145
255 145
256 145
257 145
258 145
259 145
260 145
261 145
262 145
263 145
264 145
265 145
266 145
267 145
268 145
269 145
270 145
252 146
253 146
254 146
255 146
256 146
257 146
258 146
259 146
260 146
261 146
262 146
263 146
264 146
265 146
266 146
267 146
268 146
269 146
270 146
251 147
252 147
253 147
254 147
255 147
256 147
257 147
258 147
259 147
260 147
261 147
262 147
263 147
264 147
265 147
266 147
267 147
268 147
269 147
270 147
271 147
250 148
251 148
252 148
253 148
254 148
255 148
256 148
257 148
258 148
259 148
260 148
261 148
262 148
263 148
264 148
265 148
266 148
267 148
268 148
269 148
270 148
271 148
249 149
250 149
251 149
252 149
253 149
254 149
255 149
256 149
257 149
258 149
259 149
260 149
261 149
262 149
263 149
264 149
265 149
266 149
267 149
268 149
269 149
270 149
271 149
249 150
250 150
251 150
252 150
253 150
254 150
255 150
256 150
257 150
258 150
259 150
260 150
261 150
262 150
263 150
264 150
265 150
266 150
267 150
268 150
269 150
270 150
271 150
248 151
249 151
250 151
251 151
252 151
253 151
254 151
255 151
256 151
257 151
258 151
259 151
260 151
261 151
262 151
263 151
264 151
265 151
266 151
267 151
268 151
269 151
270 151
271 151
272 151
248 152
249 152
250 152
251 152
252 152
253 152
254 152
255 152
256 152
257 152
258 152
259 152
260 152
261 152
262 152
263 152
264 152
265 152
266 152
267 152
268 152
269 152
270 152
271 152
272 152
273 152
248 153
249 153
250 153
251 153
252 153
253 153
254 153
255 153
256 153
257 153
258 153
259 153
260 153
261 153
262 153
263 153
264 153
265 153
266 153
267 153
268 153
269 153
270 153
271 153
272 153
273 153
274 153
248 154
249 154
250 154
251 154
252 154
253 154
254 154
255 154
256 154
257 154
258 154
259 154
260 154
261 154
262 154
263 154
264 154
265 154
266 154
267 154
268 154
269 154
270 154
271 154
272 154
273 154
274 154
275 154
248 155
249 155
250 155
251 155
252 155
253 155
254 155
255 155
256 155
257 155
258 155
259 155
260 155
261 155
262 155
263 155
264 155
265 155
266 155
267 155
268 155
269 155
270 155
271 155
272 155
273 155
274 155
275 155
248 156
249 156
250 156
251 156
252 156
253 156
254 156
255 156
256 156
257 156
258 156
259 156
260 156
261 156
262 156
263 156
264 156
265 156
266 156
267 156
268 156
269 156
270 156
271 156
272 156
273 156
274 156
275 156
248 157
249 157
250 157
251 157
252 157
253 157
254 157
255 157
256 157
257 157
258 157
259 157
260 157
261 157
262 157
263 157
264 157
265 157
266 157
267 157
268 157
269 157
270 157
271 157
272 157
273 157
274 157
275 157
248 158
249 158
250 158
251 158
252 158
253 158
254 158
255 158
256 158
257 158
258 158
259 158
260 158
261 158
262 158
263 158
264 158
265 158
266 158
267 158
268 158
269 158
270 158
271 158
272 158
273 158
274 158
275 158
248 159
249 159
250 159
251 159
252 159
253 159
254 159
255 159
256 159
257 159
258 159
259 159
260 159
261 159
262 159
263 159
264 159
265 159
266 159
267 159
268 159
269 159
270 159
271 159
272 159
273 159
274 159
275 159
248 160
249 160
250 160
251 160
252 160
253 160
254 160
255 160
256 160
257 160
258 160
259 160
260 160
261 160
262 160
263 160
264 160
265 160
266 160
267 160
268 160
269 160
270 160
271 160
272 160
273 160
274 160
275 160
248 161
249 161
250 161
251 161
252 161
253 161
254 161
255 161
256 161
257 161
258 161
259 161
260 161
261 161
262 161
263 161
264 161
265 161
266 161
267 161
268 161
269 161
270 161
271 161
272 161
273 161
274 161
275 161
248 162
249 162
250 162
251 162
252 162
253 162
254 162
255 162
256 162
257 162
258 162
259 162
260 162
261 162
262 162
263 162
264 162
265 162
266 162
267 162
268 162
269 162
270 162
271 162
272 162
273 162
274 162
275 162
248 163
249 163
250 163
251 163
252 163
253 163
254 163
255 163
256 163
257 163
258 163
259 163
260 163
261 163
262 163
263 163
264 163
265 163
266 163
267 163
268 163
269 163
270 163
271 163
272 163
273 163
274 163
275 163
248 164
249 164
250 164
251 164
252 164
253 164
254 164
255 164
256 164
257 164
258 164
259 164
260 164
261 164
262 164
263 164
264 164
265 164
266 164
267 164
268 164
269 164
270 164
271 164
272 164
273 164
274 164
275 164
248 165
249 165
250 165
251 165
252 165
253 165
254 165
255 165
256 165
257 165
258 165
259 165
260 165
261 165
262 165
263 165
264 165
265 165
266 165
267 165
268 165
269 165
270 165
271 165
272 165
273 165
274 165
275 165
248 166
249 166
250 166
251 166
252 166
253 166
254 166
255 166
256 166
257 166
258 166
259 166
260 166
261 166
262 166
263 166
264 166
265 166
266 166
267 166
268 166
269 166
270 166
271 166
272 166
273 166
274 166
275 166
248 167
249 167
250 167
251 167
252 167
253 167
254 167
255 167
256 167
257 167
258 167
259 167
260 167
261 167
262 167
263 167
264 167
265 167
266 167
267 167
268 167
269 167
270 167
271 167
272 167
273 167
274 167
275 167
248 168
249 168
250 168
251 168
252 168
253 168
254 168
255 168
256 168
257 168
258 168
259 168
260 168
261 168
262 168
263 168
264 168
265 168
266 168
267 168
268 168
269 168
270 168
271 168
272 168
273 168
274 168
275 168
248 169
249 169
250 169
251 169
252 169
253 169
254 169
255 169
256 169
257 169
258 169
259 169
260 169
261 169
262 169
263 169
264 169
265 169
266 169
267 169
268 169
269 169
270 169
271 169
272 169
273 169
274 169
275 169
248 170
249 170
250 170
251 170
252 170
253 170
254 170
255 170
256 170
257 170
258 170
259 170
260 170
261 170
262 170
263 170
264 170
265 170
266 170
267 170
268 170
269 170
270 170
271 170
272 170
273 170
274 170
275 170
248 171
249 171
250 171
251 171
252 171
253 171
254 171
255 171
256 171
257 171
258 171
259 171
260 171
261 171
262 171
263 171
264 171
265 171
266 171
267 171
268 171
269 171
270 171
271 171
272 171
273 171
274 171
275 171
248 172
249 172
250 172
251 172
252 172
253 172
254 172
255 172
256 172
257 172
258 172
259 172
260 172
261 172
262 172
263 172
264 172
265 172
266 172
267 172
268 172
269 172
270 172
271 172
272 172
273 172
274 172
275 172
248 173
249 173
250 173
251 173
252 173
253 173
254 173
255 173
256 173
257 173
258 173
259 173
260 173
261 173
262 173
263 173
264 173
265 173
266 173
267 173
268 173
269 173
270 173
271 173
272 173
273 173
274 173
275 173
248 174
249 174
250 174
251 174
252 174
253 174
254 174
255 174
256 174
257 174
258 174
259 174
260 174
261 174
262 174
263 174
264 174
265 174
266 174
267 174
268 174
269 174
270 174
271 174
272 174
273 174
274 174
275 174
249 175
250 175
251 175
252 175
253 175
254 175
255 175
256 175
257 175
258 175
259 175
260 175
261 175
262 175
263 175
264 175
265 175
266 175
267 175
268 175
269 175
270 175
271 175
272 175
273 175
274 175
275 175
249 176
250 176
251 176
252 176
253 176
254 176
255 176
256 176
257 176
258 176
259 176
260 176
261 176
262 176
263 176
264 176
265 176
266 176
267 176
268 176
269 176
270 176
271 176
272 176
273 176
274 176
275 176
250 177
251 177
252 177
253 177
254 177
255 177
256 177
257 177
258 177
259 177
260 177
261 177
262 177
263 177
264 177
265 177
266 177
267 177
268 177
269 177
270 177
271 177
272 177
273 177
274 177
251 178
252 178
253 178
254 178
255 178
256 178
257 178
258 178
259 178
260 178
261 178
262 178
263 178
264 178
265 178
266 178
267 178
268 178
269 178
270 178
271 178
272 178
273 178
274 178
252 179
253 179
254 179
255 179
256 179
257 179
258 179
259 179
260 179
261 179
262 179
263 179
264 179
265 179
266 179
267 179
268 179
269 179
270 179
271 179
272 179
253 180
254 180
255 180
256 180
257 180
258 180
259 180
260 180
261 180
262 180
263 180
264 180
265 180
266 180
267 180
268 180
