313 352
314 352
315 352
316 352
317 352
318 352
319 352
320 352
321 352
322 352
323 352
324 352
325 352
312 353
313 353
314 353
315 353
316 353
317 353
318 353
319 353
320 353
321 353
322 353
323 353
324 353
325 353
326 353
311 354
312 354
313 354
314 354
315 354
316 354
317 354
318 354
319 354
320 354
321 354
322 354
323 354
324 354
325 354
326 354
327 354
310 355
311 355
312 355
313 355
314 355
315 355
316 355
317 355
318 355
319 355
320 355
321 355
322 355
323 355
324 355
325 355
326 355
327 355
309 356
310 356
311 356
312 356
313 356
314 356
315 356
316 356
317 356
318 356
319 356
320 356
321 356
322 356
323 356
324 356
325 356
326 356
327 356
308 357
309 357
310 357
311 357
312 357
313 357
314 357
315 357
316 357
317 357
318 357
319 357
320 357
321 357
322 357
323 357
324 357
325 357
326 357
327 357
308 358
309 358
310 358
311 358
312 358
313 358
314 358
315 358
316 358
317 358
318 358
319 358
320 358
321 358
322 358
323 358
324 358
325 358
326 358
327 358
307 359
308 359
309 359
310 359
311 359
312 359
313 359
314 359
315 359
316 359
317 359
318 359
319 359
320 359
321 359
322 359
323 359
324 359
325 359
326 359
327 359
306 360
307 360
308 360
309 360
310 360
311 360
312 360
313 360
314 360
315 360
316 360
317 360
318 360
319 360
320 360
321 360
322 360
323 360
324 360
325 360
326 360
327 360
305 361
306 361
307 361
308 361
309 361
310 361
311 361
312 361
313 361
314 361
315 361
316 361
317 361
318 361
319 361
320 361
321 361
322 361
323 361
324 361
325 361
326 361
327 361
328 361
305 362
306 362
307 362
308 362
309 362
310 362
311 362
312 362
313 362
314 362
315 362
316 362
317 362
318 362
319 362
320 362
321 362
322 362
323 362
324 362
325 362
326 362
327 362
328 362
304 363
305 363
306 363
307 363
308 363
309 363
310 363
311 363
312 363
313 363
314 363
315 363
316 363
317 363
318 363
319 363
320 363
321 363
322 363
323 363
324 363
325 363
326 363
327 363
328 363
304 364
305 364
306 364
307 364
308 364
309 364
310 364
311 364
312 364
313 364
314 364
315 364
316 364
317 364
318 364
319 364
320 364
321 364
322 364
323 364
324 364
325 364
326 364
327 364
328 364
304 365
305 365
306 365
307 365
308 365
309 365
310 365
311 365
312 365
313 365
314 365
315 365
316 365
317 365
318 365
319 365
320 365
321 365
322 365
323 365
324 365
325 365
326 365
327 365
328 365
304 366
305 366
306 366
307 366
308 366
309 366
310 366
311 366
312 366
313 366
314 366
315 366
316 366
317 366
318 366
319 366
320 366
321 366
322 366
323 366
324 366
325 366
326 366
327 366
328 366
329 366
304 367
305 367
306 367
307 367
308 367
309 367
310 367
311 367
312 367
313 367
314 367
315 367
316 367
317 367
318 367
319 367
320 367
321 367
322 367
323 367
324 367
325 367
326 367
327 367
328 367
329 367
304 368
305 368
306 368
307 368
308 368
309 368
310 368
311 368
312 368
313 368
314 368
315 368
316 368
317 368
318 368
319 368
320 368
321 368
322 368
323 368
324 368
325 368
326 368
327 368
328 368
329 368
304 369
305 369
306 369
307 369
308 369
309 369
310 369
311 369
312 369
313 369
314 369
315 369
316 369
317 369
318 369
319 369
320 369
321 369
322 369
323 369
324 369
325 369
326 369
327 369
328 369
329 369
330 369
304 370
305 370
306 370
307 370
308 370
309 370
310 370
311 370
312 370
313 370
314 370
315 370
316 370
317 370
318 370
319 370
320 370
321 370
322 370
323 370
324 370
325 370
326 370
327 370
328 370
329 370
330 370
304 371
305 371
306 371
307 371
308 371
309 371
310 371
311 371
312 371
313 371
314 371
315 371
316 371
317 371
318 371
319 371
320 371
321 371
322 371
323 371
324 371
325 371
326 371
327 371
328 371
329 371
330 371
304 372
305 372
306 372
307 372
308 372
309 372
310 372
311 372
312 372
313 372
314 372
315 372
316 372
317 372
318 372
319 372
320 372
321 372
322 372
323 372
324 372
325 372
326 372
327 372
328 372
329 372
330 372
304 373
305 373
306 373
307 373
308 373
309 373
310 373
311 373
312 373
313 373
314 373
315 373
316 373
317 373
318 373
319 373
320 373
321 373
322 373
323 373
324 373
325 373
326 373
327 373
328 373
329 373
330 373
304 374
305 374
306 374
307 374
308 374
309 374
310 374
311 374
312 374
313 374
314 374
315 374
316 374
317 374
318 374
319 374
320 374
321 374
322 374
323 374
324 374
325 374
326 374
327 374
328 374
329 374
330 374
304 375
305 375
306 375
307 375
308 375
309 375
310 375
311 375
312 375
313 375
314 375
315 375
316 375
317 375
318 375
319 375
320 375
321 375
322 375
323 375
324 375
325 375
326 375
327 375
328 375
329 375
330 375
304 376
305 376
306 376
307 376
308 376
309 376
310 376
311 376
312 376
313 376
314 376
315 376
316 376
317 376
318 376
319 376
320 376
321 376
322 376
323 376
324 376
325 376
326 376
327 376
328 376
329 376
304 377
305 377
306 377
307 377
308 377
309 377
310 377
311 377
312 377
313 377
314 377
315 377
316 377
317 377
318 377
319 377
320 377
321 377
322 377
323 377
324 377
325 377
326 377
327 377
328 377
329 377
304 378
305 378
306 378
307 378
308 378
309 378
310 378
311 378
312 378
313 378
314 378
315 378
316 378
317 378
318 378
319 378
320 378
321 378
322 378
323 378
324 378
325 378
326 378
327 378
328 378
329 378
304 379
305 379
306 379
307 379
308 379
309 379
310 379
311 379
312 379
313 379
314 379
315 379
316 379
317 379
318 379
319 379
320 379
321 379
322 379
323 379
324 379
325 379
326 379
327 379
328 379
304 380
305 380
306 380
307 380
308 380
309 380
310 380
311 380
312 380
313 380
314 380
315 380
316 380
317 380
318 380
319 380
320 380
321 380
322 380
323 380
324 380
325 380
326 380
327 380
328 380
304 381
305 381
306 381
307 381
308 381
309 381
310 381
311 381
312 381
313 381
314 381
315 381
316 381
317 381
318 381
319 381
320 381
321 381
322 381
323 381
324 381
325 381
326 381
327 381
328 381
304 382
305 382
306 382
307 382
308 382
309 382
310 382
311 382
312 382
313 382
314 382
315 382
316 382
317 382
318 382
319 382
320 382
321 382
322 382
323 382
324 382
325 382
326 382
327 382
328 382
304 383
305 383
306 383
307 383
308 383
309 383
310 383
311 383
312 383
313 383
314 383
315 383
316 383
317 383
318 383
319 383
320 383
321 383
322 383
323 383
324 383
325 383
326 383
327 383
304 384
305 384
306 384
307 384
308 384
309 384
310 384
311 384
312 384
313 384
314 384
315 384
316 384
317 384
318 384
319 384
320 384
321 384
322 384
323 384
324 384
325 384
326 384
327 384
304 385
305 385
306 385
307 385
308 385
309 385
310 385
311 385
312 385
313 385
314 385
315 385
316 385
317 385
318 385
319 385
320 385
321 385
322 385
323 385
324 385
325 385
326 385
327 385
304 386
305 386
306 386
307 386
308 386
309 386
310 386
311 386
312 386
313 386
314 386
315 386
316 386
317 386
318 386
319 386
320 386
321 386
322 386
323 386
324 386
325 386
326 386
327 386
304 387
305 387
306 387
307 387
308 387
309 387
310 387
311 387
312 387
313 387
314 387
315 387
316 387
317 387
318 387
319 387
320 387
321 387
322 387
323 387
324 387
325 387
326 387
327 387
304 388
305 388
306 388
307 388
308 388
309 388
310 388
311 388
312 388
313 388
314 388
315 388
316 388
317 388
318 388
319 388
320 388
321 388
322 388
323 388
324 388
325 388
326 388
304 389
305 389
306 389
307 389
308 389
309 389
310 389
311 389
312 389
313 389
314 389
315 389
316 389
317 389
318 389
319 389
320 389
321 389
322 389
323 389
324 389
325 389
304 390
305 390
306 390
307 390
308 390
309 390
310 390
311 390
312 390
313 390
314 390
315 390
316 390
317 390
318 390
319 390
320 390
321 390
322 390
323 390
324 390
304 391
305 391
306 391
307 391
308 391
309 391
310 391
311 391
312 391
313 391
314 391
315 391
316 391
317 391
318 391
319 391
320 391
321 391
322 391
323 391
304 392
305 392
306 392
307 392
308 392
309 392
310 392
311 392
312 392
313 392
314 392
315 392
316 392
317 392
318 392
319 392
320 392
321 392
322 392
304 393
305 393
306 393
307 393
308 393
309 393
310 393
311 393
312 393
313 393
314 393
315 393
316 393
317 393
318 393
319 393
320 393
321 393
305 394
306 394
307 394
308 394
309 394
310 394
311 394
312 394
313 394
314 394
315 394
316 394
317 394
318 394
319 394
320 394
305 395
306 395
307 395
308 395
309 395
310 395
311 395
312 395
313 395
314 395
315 395
316 395
317 395
318 395
