349 320
350 320
351 320
352 320
353 320
354 320
348 321
349 321
350 321
351 321
352 321
353 321
354 321
355 321
356 321
348 322
349 322
350 322
351 322
352 322
353 322
354 322
355 322
356 322
357 322
348 323
349 323
350 323
351 323
352 323
353 323
354 323
355 323
356 323
357 323
358 323
348 324
349 324
350 324
351 324
352 324
353 324
354 324
355 324
356 324
357 324
358 324
348 325
349 325
350 325
351 325
352 325
353 325
354 325
355 325
356 325
357 325
358 325
359 325
348 326
349 326
350 326
351 326
352 326
353 326
354 326
355 326
356 326
357 326
358 326
359 326
348 327
349 327
350 327
351 327
352 327
353 327
354 327
355 327
356 327
357 327
358 327
359 327
348 328
349 328
350 328
351 328
352 328
353 328
354 328
355 328
356 328
357 328
358 328
359 328
348 329
349 329
350 329
351 329
352 329
353 329
354 329
355 329
356 329
357 329
358 329
359 329
348 330
349 330
350 330
351 330
352 330
353 330
354 330
355 330
356 330
357 330
358 330
359 330
348 331
349 331
350 331
351 331
352 331
353 331
354 331
355 331
356 331
357 331
358 331
359 331
348 332
349 332
350 332
351 332
352 332
353 332
354 332
355 332
356 332
357 332
358 332
359 332
348 333
349 333
350 333
351 333
352 333
353 333
354 333
355 333
356 333
357 333
358 333
359 333
348 334
349 334
350 334
351 334
352 334
353 334
354 334
355 334
356 334
357 334
358 334
359 334
348 335
349 335
350 335
351 335
352 335
353 335
354 335
355 335
356 335
357 335
358 335
359 335
348 336
349 336
350 336
351 336
352 336
353 336
354 336
355 336
356 336
357 336
358 336
359 336
360 336
348 337
349 337
350 337
351 337
352 337
353 337
354 337
355 337
356 337
357 337
358 337
359 337
360 337
348 338
349 338
350 338
351 338
352 338
353 338
354 338
355 338
356 338
357 338
358 338
359 338
360 338
348 339
349 339
350 339
351 339
352 339
353 339
354 339
355 339
356 339
357 339
358 339
359 339
360 339
348 340
349 340
350 340
351 340
352 340
353 340
354 340
355 340
356 340
357 340
358 340
359 340
360 340
348 341
349 341
350 341
351 341
352 341
353 341
354 341
355 341
356 341
357 341
358 341
359 341
360 341
348 342
349 342
350 342
351 342
352 342
353 342
354 342
355 342
356 342
357 342
358 342
359 342
360 342
348 343
349 343
350 343
351 343
352 343
353 343
354 343
355 343
356 343
357 343
358 343
359 343
348 344
349 344
350 344
351 344
352 344
353 344
354 344
355 344
356 344
357 344
358 344
359 344
348 345
349 345
350 345
351 345
352 345
353 345
354 345
355 345
356 345
357 345
358 345
359 345
348 346
349 346
350 346
351 346
352 346
353 346
354 346
355 346
356 346
357 346
358 346
359 346
348 347
349 347
350 347
351 347
352 347
353 347
354 347
355 347
356 347
357 347
358 347
359 347
348 348
349 348
350 348
351 348
352 348
353 348
354 348
355 348
356 348
357 348
358 348
359 348
348 349
349 349
350 349
351 349
352 349
353 349
354 349
355 349
356 349
357 349
358 349
359 349
348 350
349 350
350 350
351 350
352 350
353 350
354 350
355 350
356 350
357 350
358 350
359 350
348 351
349 351
350 351
351 351
352 351
353 351
354 351
355 351
356 351
357 351
358 351
348 352
349 352
350 352
351 352
352 352
353 352
354 352
355 352
356 352
357 352
358 352
348 353
349 353
350 353
351 353
352 353
353 353
354 353
355 353
356 353
348 354
349 354
350 354
351 354
352 354
353 354
354 354
355 354
349 355
350 355
351 355
352 355
353 355
354 355
