245 213
246 213
247 213
265 213
266 213
244 214
245 214
246 214
247 214
248 214
265 214
266 214
243 215
244 215
245 215
246 215
247 215
248 215
249 215
241 216
242 216
243 216
244 216
245 216
246 216
247 216
248 216
249 216
250 216
240 217
241 217
242 217
243 217
244 217
245 217
246 217
247 217
248 217
249 217
250 217
240 218
241 218
242 218
243 218
244 218
245 218
246 218
247 218
248 218
249 218
250 218
251 218
240 219
241 219
242 219
243 219
244 219
245 219
246 219
247 219
248 219
249 219
250 219
251 219
240 220
241 220
242 220
243 220
244 220
245 220
246 220
247 220
248 220
249 220
250 220
251 220
240 221
241 221
242 221
243 221
244 221
245 221
246 221
247 221
248 221
249 221
250 221
251 221
252 221
240 222
241 222
242 222
243 222
244 222
245 222
246 222
247 222
248 222
249 222
250 222
251 222
252 222
240 223
241 223
242 223
243 223
244 223
245 223
246 223
247 223
248 223
249 223
250 223
251 223
252 223
253 223
240 224
241 224
242 224
243 224
244 224
245 224
246 224
247 224
248 224
249 224
250 224
251 224
252 224
253 224
254 224
255 224
240 225
241 225
242 225
243 225
244 225
245 225
246 225
247 225
248 225
249 225
250 225
251 225
252 225
253 225
254 225
255 225
240 226
241 226
242 226
243 226
244 226
245 226
246 226
247 226
248 226
249 226
250 226
251 226
252 226
253 226
254 226
255 226
256 226
240 227
241 227
242 227
243 227
244 227
245 227
246 227
247 227
248 227
249 227
250 227
251 227
252 227
253 227
254 227
255 227
256 227
257 227
258 227
240 228
241 228
242 228
243 228
244 228
245 228
246 228
247 228
248 228
249 228
250 228
251 228
252 228
253 228
254 228
255 228
256 228
257 228
258 228
259 228
260 228
261 228
262 228
240 229
241 229
242 229
243 229
244 229
245 229
246 229
247 229
248 229
249 229
250 229
251 229
252 229
253 229
254 229
255 229
256 229
257 229
258 229
259 229
260 229
261 229
262 229
263 229
240 230
241 230
242 230
243 230
244 230
245 230
246 230
247 230
248 230
249 230
250 230
251 230
252 230
253 230
254 230
255 230
256 230
257 230
258 230
259 230
260 230
261 230
262 230
263 230
264 230
240 231
241 231
242 231
243 231
244 231
245 231
246 231
247 231
248 231
249 231
250 231
251 231
252 231
253 231
254 231
255 231
256 231
257 231
258 231
259 231
260 231
261 231
262 231
263 231
264 231
265 231
240 232
241 232
242 232
243 232
244 232
245 232
246 232
247 232
248 232
249 232
250 232
251 232
252 232
253 232
254 232
255 232
256 232
257 232
258 232
259 232
260 232
261 232
262 232
263 232
264 232
265 232
266 232
240 233
241 233
242 233
243 233
244 233
245 233
246 233
247 233
248 233
249 233
250 233
251 233
252 233
253 233
254 233
255 233
256 233
257 233
258 233
259 233
260 233
261 233
262 233
263 233
264 233
265 233
266 233
240 234
241 234
242 234
243 234
244 234
245 234
246 234
247 234
248 234
249 234
250 234
251 234
252 234
253 234
254 234
255 234
256 234
257 234
258 234
259 234
260 234
261 234
262 234
263 234
264 234
265 234
266 234
267 234
240 235
241 235
242 235
243 235
244 235
245 235
246 235
247 235
248 235
249 235
250 235
251 235
252 235
253 235
254 235
255 235
256 235
257 235
258 235
259 235
260 235
261 235
262 235
263 235
264 235
265 235
266 235
267 235
240 236
241 236
242 236
243 236
244 236
245 236
246 236
247 236
248 236
249 236
250 236
251 236
252 236
253 236
254 236
255 236
256 236
257 236
258 236
259 236
260 236
261 236
262 236
263 236
264 236
265 236
266 236
267 236
240 237
241 237
242 237
243 237
244 237
245 237
246 237
247 237
248 237
249 237
250 237
251 237
252 237
253 237
254 237
255 237
256 237
257 237
258 237
259 237
260 237
261 237
262 237
263 237
264 237
265 237
266 237
267 237
240 238
241 238
242 238
243 238
244 238
245 238
246 238
247 238
248 238
249 238
250 238
251 238
252 238
253 238
254 238
255 238
256 238
257 238
258 238
259 238
260 238
261 238
262 238
263 238
264 238
265 238
266 238
267 238
240 239
241 239
242 239
243 239
244 239
245 239
246 239
247 239
248 239
249 239
250 239
251 239
252 239
253 239
254 239
255 239
256 239
257 239
258 239
259 239
260 239
261 239
262 239
263 239
264 239
265 239
266 239
267 239
240 240
241 240
242 240
243 240
244 240
245 240
246 240
247 240
248 240
249 240
250 240
251 240
252 240
253 240
254 240
255 240
256 240
257 240
258 240
259 240
260 240
261 240
262 240
263 240
264 240
265 240
266 240
267 240
240 241
241 241
242 241
243 241
244 241
245 241
246 241
247 241
248 241
249 241
250 241
251 241
252 241
253 241
254 241
255 241
256 241
257 241
258 241
259 241
260 241
261 241
262 241
263 241
264 241
265 241
266 241
267 241
240 242
241 242
242 242
243 242
244 242
245 242
246 242
247 242
248 242
249 242
250 242
251 242
252 242
253 242
254 242
255 242
256 242
257 242
258 242
259 242
260 242
261 242
262 242
263 242
264 242
265 242
266 242
267 242
240 243
241 243
242 243
243 243
244 243
245 243
246 243
247 243
248 243
249 243
250 243
251 243
252 243
253 243
254 243
255 243
256 243
257 243
258 243
259 243
260 243
261 243
262 243
263 243
264 243
265 243
266 243
267 243
240 244
241 244
242 244
243 244
244 244
245 244
246 244
247 244
248 244
249 244
250 244
251 244
252 244
253 244
254 244
255 244
256 244
257 244
258 244
259 244
260 244
261 244
262 244
263 244
264 244
265 244
266 244
240 245
241 245
242 245
243 245
244 245
245 245
246 245
247 245
248 245
249 245
250 245
251 245
252 245
253 245
254 245
255 245
256 245
257 245
258 245
259 245
260 245
261 245
262 245
263 245
264 245
265 245
266 245
240 246
241 246
242 246
243 246
244 246
245 246
246 246
247 246
248 246
249 246
250 246
251 246
252 246
253 246
254 246
255 246
256 246
257 246
258 246
259 246
260 246
261 246
262 246
263 246
264 246
265 246
266 246
240 247
241 247
242 247
243 247
244 247
245 247
246 247
247 247
248 247
249 247
250 247
251 247
252 247
253 247
254 247
255 247
256 247
257 247
258 247
259 247
260 247
261 247
262 247
263 247
264 247
265 247
241 248
242 248
243 248
244 248
245 248
246 248
247 248
248 248
249 248
250 248
251 248
252 248
253 248
254 248
255 248
256 248
257 248
258 248
259 248
260 248
261 248
262 248
263 248
264 248
241 249
242 249
243 249
244 249
245 249
246 249
247 249
248 249
249 249
250 249
251 249
252 249
253 249
254 249
255 249
256 249
257 249
258 249
259 249
260 249
261 249
262 249
263 249
264 249
242 250
243 250
244 250
245 250
246 250
247 250
248 250
249 250
250 250
251 250
252 250
253 250
254 250
255 250
256 250
257 250
258 250
259 250
260 250
261 250
262 250
263 250
244 251
245 251
246 251
247 251
248 251
249 251
250 251
251 251
252 251
253 251
254 251
255 251
256 251
257 251
258 251
259 251
260 251
261 251
262 251
263 251
247 252
248 252
249 252
250 252
251 252
252 252
253 252
254 252
255 252
256 252
257 252
258 252
259 252
260 252
261 252
262 252
263 252
248 253
249 253
250 253
251 253
252 253
253 253
254 253
255 253
256 253
257 253
258 253
259 253
260 253
261 253
262 253
263 253
248 254
249 254
250 254
251 254
252 254
253 254
254 254
255 254
256 254
257 254
258 254
259 254
260 254
261 254
262 254
263 254
249 255
250 255
251 255
252 255
253 255
254 255
255 255
256 255
257 255
258 255
259 255
260 255
261 255
262 255
263 255
250 256
251 256
252 256
253 256
254 256
255 256
256 256
257 256
258 256
259 256
260 256
261 256
262 256
263 256
251 257
252 257
253 257
254 257
255 257
256 257
257 257
258 257
259 257
260 257
261 257
262 257
263 257
251 258
252 258
253 258
254 258
255 258
256 258
257 258
258 258
259 258
260 258
261 258
262 258
263 258
251 259
252 259
253 259
254 259
255 259
256 259
257 259
258 259
259 259
260 259
261 259
262 259
252 260
253 260
254 260
255 260
256 260
257 260
258 260
259 260
260 260
261 260
262 260
252 261
253 261
254 261
255 261
256 261
257 261
258 261
259 261
260 261
261 261
262 261
252 262
253 262
254 262
255 262
256 262
257 262
258 262
259 262
260 262
261 262
252 263
253 263
254 263
255 263
256 263
257 263
258 263
259 263
260 263
252 264
253 264
254 264
255 264
256 264
257 264
258 264
259 264
260 264
252 265
253 265
254 265
255 265
256 265
257 265
258 265
259 265
252 266
253 266
254 266
255 266
256 266
257 266
258 266
259 266
254 267
255 267
256 267
257 267
258 267
