304 208
305 208
306 208
307 208
308 208
309 208
310 208
311 208
312 208
313 208
314 208
315 208
302 209
303 209
304 209
305 209
306 209
307 209
308 209
309 209
310 209
311 209
312 209
313 209
314 209
315 209
316 209
317 209
301 210
302 210
303 210
304 210
305 210
306 210
307 210
308 210
309 210
310 210
311 210
312 210
313 210
314 210
315 210
316 210
317 210
301 211
302 211
303 211
304 211
305 211
306 211
307 211
308 211
309 211
310 211
311 211
312 211
313 211
314 211
315 211
316 211
317 211
300 212
301 212
302 212
303 212
304 212
305 212
306 212
307 212
308 212
309 212
310 212
311 212
312 212
313 212
314 212
315 212
316 212
317 212
318 212
300 213
301 213
302 213
303 213
304 213
305 213
306 213
307 213
308 213
309 213
310 213
311 213
312 213
313 213
314 213
315 213
316 213
317 213
318 213
300 214
301 214
302 214
303 214
304 214
305 214
306 214
307 214
308 214
309 214
310 214
311 214
312 214
313 214
314 214
315 214
316 214
317 214
318 214
300 215
301 215
302 215
303 215
304 215
305 215
306 215
307 215
308 215
309 215
310 215
311 215
312 215
313 215
314 215
315 215
316 215
317 215
318 215
300 216
301 216
302 216
303 216
304 216
305 216
306 216
307 216
308 216
309 216
310 216
311 216
312 216
313 216
314 216
315 216
316 216
317 216
300 217
301 217
302 217
303 217
304 217
305 217
306 217
307 217
308 217
309 217
310 217
311 217
312 217
313 217
314 217
315 217
316 217
317 217
300 218
301 218
302 218
303 218
304 218
305 218
306 218
307 218
308 218
309 218
310 218
311 218
312 218
313 218
314 218
315 218
316 218
317 218
300 219
301 219
302 219
303 219
304 219
305 219
306 219
307 219
308 219
309 219
310 219
311 219
312 219
313 219
314 219
315 219
316 219
300 220
301 220
302 220
303 220
304 220
305 220
306 220
307 220
308 220
309 220
310 220
311 220
312 220
313 220
314 220
315 220
316 220
300 221
301 221
302 221
303 221
304 221
305 221
306 221
307 221
308 221
309 221
310 221
311 221
312 221
313 221
314 221
315 221
316 221
300 222
301 222
302 222
303 222
304 222
305 222
306 222
307 222
308 222
309 222
310 222
311 222
312 222
313 222
314 222
315 222
300 223
301 223
302 223
303 223
304 223
305 223
306 223
307 223
308 223
309 223
310 223
311 223
312 223
313 223
314 223
315 223
300 224
301 224
302 224
303 224
304 224
305 224
306 224
307 224
308 224
309 224
310 224
311 224
312 224
313 224
314 224
315 224
300 225
301 225
302 225
303 225
304 225
305 225
306 225
307 225
308 225
309 225
310 225
311 225
312 225
313 225
314 225
315 225
300 226
301 226
302 226
303 226
304 226
305 226
306 226
307 226
308 226
309 226
310 226
311 226
312 226
313 226
314 226
315 226
300 227
301 227
302 227
303 227
304 227
305 227
306 227
307 227
308 227
309 227
310 227
311 227
312 227
313 227
314 227
300 228
301 228
302 228
303 228
304 228
305 228
306 228
307 228
308 228
309 228
310 228
311 228
312 228
313 228
300 229
301 229
302 229
303 229
304 229
305 229
306 229
307 229
308 229
309 229
310 229
311 229
312 229
300 230
301 230
302 230
303 230
304 230
305 230
306 230
307 230
308 230
309 230
310 230
311 230
312 230
300 231
301 231
302 231
303 231
304 231
305 231
306 231
307 231
308 231
309 231
310 231
311 231
301 232
302 232
303 232
304 232
305 232
306 232
307 232
308 232
309 232
310 232
301 233
302 233
303 233
304 233
305 233
306 233
307 233
308 233
309 233
302 234
303 234
304 234
305 234
306 234
307 234
308 234
305 235
306 235
