321 380
322 380
323 380
324 380
325 380
326 380
327 380
328 380
329 380
330 380
331 380
332 380
333 380
334 380
320 381
321 381
322 381
323 381
324 381
325 381
326 381
327 381
328 381
329 381
330 381
331 381
332 381
333 381
334 381
335 381
320 382
321 382
322 382
323 382
324 382
325 382
326 382
327 382
328 382
329 382
330 382
331 382
332 382
333 382
334 382
335 382
320 383
321 383
322 383
323 383
324 383
325 383
326 383
327 383
328 383
329 383
330 383
331 383
332 383
333 383
334 383
335 383
320 384
321 384
322 384
323 384
324 384
325 384
326 384
327 384
328 384
329 384
330 384
331 384
332 384
333 384
334 384
335 384
320 385
321 385
322 385
323 385
324 385
325 385
326 385
327 385
328 385
329 385
330 385
331 385
332 385
333 385
334 385
335 385
320 386
321 386
322 386
323 386
324 386
325 386
326 386
327 386
328 386
329 386
330 386
331 386
332 386
333 386
334 386
335 386
320 387
321 387
322 387
323 387
324 387
325 387
326 387
327 387
328 387
329 387
330 387
331 387
332 387
333 387
334 387
335 387
320 388
321 388
322 388
323 388
324 388
325 388
326 388
327 388
328 388
329 388
330 388
331 388
332 388
333 388
334 388
335 388
320 389
321 389
322 389
323 389
324 389
325 389
326 389
327 389
328 389
329 389
330 389
331 389
332 389
333 389
334 389
335 389
336 389
320 390
321 390
322 390
323 390
324 390
325 390
326 390
327 390
328 390
329 390
330 390
331 390
332 390
333 390
334 390
335 390
336 390
320 391
321 391
322 391
323 391
324 391
325 391
326 391
327 391
328 391
329 391
330 391
331 391
332 391
333 391
334 391
335 391
336 391
320 392
321 392
322 392
323 392
324 392
325 392
326 392
327 392
328 392
329 392
330 392
331 392
332 392
333 392
334 392
335 392
336 392
320 393
321 393
322 393
323 393
324 393
325 393
326 393
327 393
328 393
329 393
330 393
331 393
332 393
333 393
334 393
335 393
336 393
320 394
321 394
322 394
323 394
324 394
325 394
326 394
327 394
328 394
329 394
330 394
331 394
332 394
333 394
334 394
335 394
336 394
320 395
321 395
322 395
323 395
324 395
325 395
326 395
327 395
328 395
329 395
330 395
331 395
332 395
333 395
334 395
335 395
336 395
320 396
321 396
322 396
323 396
324 396
325 396
326 396
327 396
328 396
329 396
330 396
331 396
332 396
333 396
334 396
335 396
336 396
320 397
321 397
322 397
323 397
324 397
325 397
326 397
327 397
328 397
329 397
330 397
331 397
332 397
333 397
334 397
335 397
336 397
320 398
321 398
322 398
323 398
324 398
325 398
326 398
327 398
328 398
329 398
330 398
331 398
332 398
333 398
334 398
335 398
336 398
320 399
321 399
322 399
323 399
324 399
325 399
326 399
327 399
328 399
329 399
330 399
331 399
332 399
333 399
334 399
335 399
336 399
320 400
321 400
322 400
323 400
324 400
325 400
326 400
327 400
328 400
329 400
330 400
331 400
332 400
333 400
334 400
335 400
336 400
320 401
321 401
322 401
323 401
324 401
325 401
326 401
327 401
328 401
329 401
330 401
331 401
332 401
333 401
334 401
335 401
336 401
320 402
321 402
322 402
323 402
324 402
325 402
326 402
327 402
328 402
329 402
330 402
331 402
332 402
333 402
334 402
335 402
320 403
321 403
322 403
323 403
324 403
325 403
326 403
327 403
328 403
329 403
330 403
331 403
332 403
333 403
334 403
335 403
320 404
321 404
322 404
323 404
324 404
325 404
326 404
327 404
328 404
329 404
330 404
331 404
332 404
333 404
334 404
335 404
320 405
321 405
322 405
323 405
324 405
325 405
326 405
327 405
328 405
329 405
330 405
331 405
332 405
333 405
334 405
335 405
320 406
321 406
322 406
323 406
324 406
325 406
326 406
327 406
328 406
329 406
330 406
331 406
332 406
333 406
334 406
335 406
320 407
321 407
322 407
323 407
324 407
325 407
326 407
327 407
328 407
329 407
330 407
331 407
332 407
333 407
334 407
335 407
320 408
321 408
322 408
323 408
324 408
325 408
326 408
327 408
328 408
329 408
330 408
331 408
332 408
333 408
334 408
320 409
321 409
322 409
323 409
324 409
325 409
326 409
327 409
328 409
329 409
330 409
331 409
332 409
333 409
334 409
320 410
321 410
322 410
323 410
324 410
325 410
326 410
327 410
328 410
329 410
330 410
331 410
332 410
333 410
320 411
321 411
322 411
323 411
324 411
325 411
326 411
327 411
328 411
329 411
330 411
331 411
332 411
320 412
321 412
322 412
323 412
324 412
325 412
326 412
327 412
328 412
329 412
330 412
331 412
320 413
321 413
322 413
323 413
324 413
325 413
326 413
327 413
328 413
329 413
330 413
321 414
322 414
323 414
324 414
325 414
326 414
327 414
328 414
329 414
322 415
323 415
324 415
325 415
326 415
