365 156
366 156
367 156
364 157
365 157
366 157
367 157
368 157
369 157
370 157
363 158
364 158
365 158
366 158
367 158
368 158
369 158
370 158
363 159
364 159
365 159
366 159
367 159
368 159
369 159
370 159
361 160
362 160
363 160
364 160
365 160
366 160
367 160
368 160
369 160
370 160
371 160
361 161
362 161
363 161
364 161
365 161
366 161
367 161
368 161
369 161
370 161
371 161
360 162
361 162
362 162
363 162
364 162
365 162
366 162
367 162
368 162
369 162
370 162
371 162
360 163
361 163
362 163
363 163
364 163
365 163
366 163
367 163
368 163
369 163
370 163
371 163
359 164
360 164
361 164
362 164
363 164
364 164
365 164
366 164
367 164
368 164
369 164
370 164
371 164
359 165
360 165
361 165
362 165
363 165
364 165
365 165
366 165
367 165
368 165
369 165
370 165
371 165
358 166
359 166
360 166
361 166
362 166
363 166
364 166
365 166
366 166
367 166
368 166
369 166
370 166
371 166
357 167
358 167
359 167
360 167
361 167
362 167
363 167
364 167
365 167
366 167
367 167
368 167
369 167
370 167
371 167
357 168
358 168
359 168
360 168
361 168
362 168
363 168
364 168
365 168
366 168
367 168
368 168
369 168
370 168
371 168
356 169
357 169
358 169
359 169
360 169
361 169
362 169
363 169
364 169
365 169
366 169
367 169
368 169
369 169
370 169
371 169
356 170
357 170
358 170
359 170
360 170
361 170
362 170
363 170
364 170
365 170
366 170
367 170
368 170
369 170
370 170
371 170
356 171
357 171
358 171
359 171
360 171
361 171
362 171
363 171
364 171
365 171
366 171
367 171
368 171
369 171
370 171
371 171
355 172
356 172
357 172
358 172
359 172
360 172
361 172
362 172
363 172
364 172
365 172
366 172
367 172
368 172
369 172
370 172
371 172
355 173
356 173
357 173
358 173
359 173
360 173
361 173
362 173
363 173
364 173
365 173
366 173
367 173
368 173
369 173
370 173
371 173
354 174
355 174
356 174
357 174
358 174
359 174
360 174
361 174
362 174
363 174
364 174
365 174
366 174
367 174
368 174
369 174
370 174
371 174
353 175
354 175
355 175
356 175
357 175
358 175
359 175
360 175
361 175
362 175
363 175
364 175
365 175
366 175
367 175
368 175
369 175
370 175
371 175
353 176
354 176
355 176
356 176
357 176
358 176
359 176
360 176
361 176
362 176
363 176
364 176
365 176
366 176
367 176
368 176
369 176
370 176
371 176
352 177
353 177
354 177
355 177
356 177
357 177
358 177
359 177
360 177
361 177
362 177
363 177
364 177
365 177
366 177
367 177
368 177
369 177
370 177
371 177
352 178
353 178
354 178
355 178
356 178
357 178
358 178
359 178
360 178
361 178
362 178
363 178
364 178
365 178
366 178
367 178
368 178
369 178
370 178
371 178
352 179
353 179
354 179
355 179
356 179
357 179
358 179
359 179
360 179
361 179
362 179
363 179
364 179
365 179
366 179
367 179
368 179
369 179
370 179
371 179
352 180
353 180
354 180
355 180
356 180
357 180
358 180
359 180
360 180
361 180
362 180
363 180
364 180
365 180
366 180
367 180
368 180
369 180
370 180
371 180
352 181
353 181
354 181
355 181
356 181
357 181
358 181
359 181
360 181
361 181
362 181
363 181
364 181
365 181
366 181
367 181
368 181
369 181
370 181
371 181
352 182
353 182
354 182
355 182
356 182
357 182
358 182
359 182
360 182
361 182
362 182
363 182
364 182
365 182
366 182
367 182
368 182
369 182
370 182
371 182
352 183
353 183
354 183
355 183
356 183
357 183
358 183
359 183
360 183
361 183
362 183
363 183
364 183
365 183
366 183
367 183
368 183
369 183
370 183
371 183
352 184
353 184
354 184
355 184
356 184
357 184
358 184
359 184
360 184
361 184
362 184
363 184
364 184
365 184
366 184
367 184
368 184
369 184
370 184
371 184
352 185
353 185
354 185
355 185
356 185
357 185
358 185
359 185
360 185
361 185
362 185
363 185
364 185
365 185
366 185
367 185
368 185
369 185
370 185
371 185
352 186
353 186
354 186
355 186
356 186
357 186
358 186
359 186
360 186
361 186
362 186
363 186
364 186
365 186
366 186
367 186
368 186
369 186
370 186
371 186
352 187
353 187
354 187
355 187
356 187
357 187
358 187
359 187
360 187
361 187
362 187
363 187
364 187
365 187
366 187
367 187
368 187
369 187
370 187
371 187
352 188
353 188
354 188
355 188
356 188
357 188
358 188
359 188
360 188
361 188
362 188
363 188
364 188
365 188
366 188
367 188
368 188
369 188
370 188
371 188
352 189
353 189
354 189
355 189
356 189
357 189
358 189
359 189
360 189
361 189
362 189
363 189
364 189
365 189
366 189
367 189
368 189
369 189
370 189
352 190
353 190
354 190
355 190
356 190
357 190
358 190
359 190
360 190
361 190
362 190
363 190
364 190
365 190
366 190
367 190
368 190
369 190
370 190
352 191
353 191
354 191
355 191
356 191
357 191
358 191
359 191
360 191
361 191
362 191
363 191
364 191
365 191
366 191
367 191
368 191
369 191
370 191
353 192
354 192
355 192
356 192
357 192
358 192
359 192
360 192
361 192
362 192
363 192
364 192
365 192
366 192
367 192
368 192
369 192
353 193
354 193
355 193
356 193
357 193
358 193
359 193
360 193
361 193
362 193
363 193
364 193
365 193
366 193
367 193
368 193
369 193
353 194
354 194
355 194
356 194
357 194
358 194
359 194
360 194
361 194
362 194
363 194
364 194
365 194
366 194
367 194
368 194
353 195
354 195
355 195
356 195
357 195
358 195
359 195
360 195
361 195
362 195
363 195
364 195
365 195
366 195
367 195
354 196
355 196
356 196
357 196
358 196
359 196
360 196
361 196
362 196
363 196
364 196
365 196
366 196
367 196
355 197
356 197
357 197
358 197
359 197
360 197
361 197
362 197
363 197
364 197
365 197
366 197
356 198
357 198
358 198
359 198
360 198
361 198
362 198
363 198
364 198
