X Y Z
237 216 525
238 216 524
239 216 524
240 216 523
241 216 522
242 216 522
234 217 525
235 217 525
236 217 525
237 217 525
238 217 525
239 217 524
240 217 523
241 217 522
242 217 522
243 217 522
233 218 526
234 218 525
235 218 526
236 218 525
237 218 525
238 218 525
239 218 524
240 218 523
241 218 523
242 218 522
243 218 522
244 218 522
245 218 522
246 218 522
233 219 526
234 219 526
235 219 526
236 219 526
237 219 525
238 219 525
239 219 524
240 219 524
241 219 523
242 219 523
243 219 522
244 219 523
245 219 523
246 219 522
248 219 521
232 220 526
233 220 526
234 220 526
235 220 525
236 220 526
237 220 525
238 220 525
239 220 525
240 220 524
241 220 524
242 220 523
243 220 523
244 220 523
245 220 523
246 220 523
247 220 522
248 220 522
232 221 526
233 221 526
234 221 526
235 221 526
236 221 526
237 221 525
238 221 525
239 221 525
240 221 524
241 221 524
242 221 524
243 221 523
244 221 523
245 221 523
246 221 523
247 221 523
248 221 523
249 221 522
232 222 526
233 222 526
234 222 526
235 222 526
236 222 526
237 222 526
238 222 525
239 222 525
240 222 524
241 222 524
242 222 524
243 222 524
244 222 524
245 222 524
246 222 524
247 222 523
248 222 523
249 222 523
250 222 521
232 223 526
233 223 526
234 223 526
235 223 526
236 223 526
237 223 526
238 223 525
239 223 525
240 223 525
241 223 525
242 223 525
243 223 525
244 223 525
245 223 524
246 223 524
247 223 524
248 223 524
249 223 523
250 223 521
251 223 521
232 224 526
233 224 526
234 224 527
235 224 527
236 224 527
237 224 526
238 224 526
239 224 525
240 224 525
241 224 525
242 224 525
243 224 525
244 224 525
245 224 525
246 224 525
247 224 525
248 224 525
249 224 524
250 224 523
251 224 521
232 225 526
233 225 527
234 225 527
235 225 527
236 225 527
237 225 526
238 225 526
239 225 526
240 225 526
241 225 526
242 225 526
243 225 526
244 225 526
245 225 526
246 225 525
247 225 525
248 225 525
249 225 524
250 225 523
251 225 521
232 226 526
233 226 527
234 226 527
235 226 527
236 226 527
237 226 527
238 226 527
239 226 526
240 226 526
241 226 526
242 226 526
243 226 526
244 226 526
245 226 526
246 226 526
247 226 526
248 226 526
249 226 525
250 226 523
251 226 521
232 227 527
233 227 527
234 227 527
235 227 527
236 227 527
237 227 527
238 227 527
239 227 527
240 227 527
241 227 527
242 227 527
243 227 527
244 227 527
245 227 527
246 227 527
247 227 526
248 227 526
249 227 525
250 227 524
251 227 521
252 227 520
232 228 527
233 228 527
234 228 527
235 228 528
236 228 528
237 228 528
238 228 528
239 228 528
240 228 528
241 228 528
242 228 528
243 228 528
244 228 528
245 228 528
246 228 528
247 228 527
248 228 527
249 228 526
250 228 524
251 228 522
252 228 520
232 229 527
233 229 527
234 229 528
235 229 528
236 229 528
237 229 528
238 229 529
239 229 528
240 229 529
241 229 529
242 229 529
243 229 529
244 229 529
245 229 529
246 229 529
247 229 528
248 229 527
249 229 526
250 229 524
251 229 522
252 229 520
253 229 519
232 230 527
233 230 527
234 230 528
235 230 528
236 230 528
237 230 529
238 230 529
239 230 529
240 230 529
241 230 529
242 230 529
243 230 530
244 230 530
245 230 530
246 230 529
247 230 529
248 230 528
249 230 526
250 230 524
251 230 523
252 230 520
253 230 519
232 231 527
233 231 527
234 231 528
235 231 528
236 231 529
237 231 529
238 231 529
239 231 529
240 231 529
241 231 530
242 231 530
243 231 530
244 231 530
245 231 530
246 231 530
247 231 529
248 231 528
249 231 527
250 231 524
251 231 521
252 231 520
253 231 519
254 231 519
232 232 527
233 232 527
234 232 528
235 232 528
236 232 529
237 232 529
238 232 529
239 232 530
240 232 530
241 232 531
242 232 531
243 232 531
244 232 531
245 232 531
246 232 530
247 232 530
248 232 529
249 232 527
250 232 525
251 232 521
252 232 520
253 232 519
254 232 520
232 233 527
233 233 527
234 233 528
235 233 528
236 233 529
237 233 529
238 233 529
239 233 530
240 233 531
241 233 531
242 233 531
243 233 531
244 233 532
245 233 531
246 233 531
247 233 531
248 233 530
249 233 527
250 233 525
251 233 521
252 233 520
253 233 520
254 233 520
232 234 527
233 234 527
234 234 528
235 234 528
236 234 529
237 234 529
238 234 530
239 234 530
240 234 531
241 234 532
242 234 532
243 234 532
244 234 532
245 234 532
246 234 531
247 234 531
248 234 530
249 234 527
250 234 525
251 234 521
252 234 519
253 234 520
254 234 520
255 234 521
232 235 527
233 235 527
234 235 528
235 235 528
236 235 528
237 235 529
238 235 530
239 235 531
241 235 532
242 235 532
243 235 532
244 235 532
245 235 532
246 235 532
247 235 531
248 235 531
249 235 528
250 235 525
251 235 521
252 235 520
253 235 520
254 235 521
255 235 521
232 236 527
233 236 528
234 236 528
235 236 528
236 236 529
237 236 530
238 236 530
239 236 531
240 236 532
241 236 532
242 236 532
243 236 533
244 236 533
245 236 533
246 236 532
247 236 532
248 236 532
249 236 530
250 236 526
251 236 523
252 236 520
253 236 521
254 236 521
255 236 522
232 237 528
233 237 528
234 237 528
235 237 529
236 237 529
237 237 530
238 237 530
239 237 531
240 237 532
241 237 532
242 237 533
243 237 533
244 237 533
245 237 533
246 237 533
247 237 533
248 237 532
249 237 531
251 237 524
252 237 521
253 237 521
254 237 522
232 238 528
233 238 528
234 238 528
235 238 529
236 238 529
237 238 530
238 238 531
239 238 531
240 238 532
241 238 533
242 238 533
243 238 533
244 238 533
245 238 533
246 238 533
247 238 533
248 238 533
249 238 531
250 238 527
251 238 525
252 238 522
253 238 522
254 238 522
255 238 523
232 239 529
233 239 528
234 239 529
235 239 529
236 239 530
237 239 530
238 239 531
239 239 532
240 239 532
241 239 533
242 239 533
243 239 533
244 239 533
245 239 533
246 239 533
247 239 533
248 239 533
249 239 531
250 239 528
251 239 526
252 239 524
253 239 523
254 239 523
255 239 524
232 240 529
233 240 529
234 240 529
235 240 529
236 240 530
237 240 530
238 240 531
239 240 531
240 240 532
241 240 533
242 240 533
243 240 534
244 240 534
245 240 534
246 240 534
247 240 533
248 240 533
249 240 532
250 240 530
251 240 527
252 240 525
253 240 524
254 240 524
255 240 525
232 241 529
233 241 529
234 241 529
235 241 529
236 241 530
237 241 530
238 241 531
239 241 532
240 241 532
241 241 533
242 241 533
243 241 534
244 241 534
245 241 534
246 241 534
247 241 534
248 241 534
249 241 532
250 241 531
251 241 528
252 241 526
253 241 525
254 241 525
255 241 526
232 242 529
233 242 529
234 242 529
235 242 530
236 242 530
237 242 530
238 242 531
239 242 532
240 242 532
241 242 533
242 242 533
243 242 534
244 242 534
245 242 534
246 242 534
247 242 534
248 242 534
249 242 533
250 242 532
251 242 529
252 242 528
253 242 527
254 242 527
255 242 527
256 242 527
232 243 530
233 243 529
234 243 530
235 243 530
236 243 530
237 243 530
238 243 531
239 243 532
240 243 532
241 243 533
242 243 533
243 243 534
244 243 534
245 243 535
246 243 535
247 243 535
248 243 535
249 243 534
250 243 533
251 243 532
252 243 530
253 243 529
254 243 528
255 243 528
256 243 529
232 244 530
233 244 530
234 244 530
235 244 530
236 244 530
237 244 531
238 244 531
239 244 532
240 244 533
241 244 533
242 244 534
243 244 535
244 244 535
246 244 536
247 244 536
248 244 536
249 244 535
250 244 535
251 244 534
252 244 533
253 244 532
254 244 531
255 244 531
256 244 531
257 244 532
232 245 529
233 245 530
234 245 530
235 245 530
236 245 530
237 245 531
238 245 531
239 245 532
240 245 533
241 245 533
242 245 534
243 245 535
245 245 536
246 245 536
247 245 536
248 245 536
249 245 536
250 245 536
251 245 535
252 245 534
253 245 533
254 245 532
255 245 532
256 245 532
257 245 533
232 246 529
233 246 530
234 246 530
235 246 530
236 246 531
237 246 531
238 246 531
239 246 532
240 246 533
241 246 534
242 246 534
243 246 535
244 246 536
245 246 536
246 246 537
247 246 537
248 246 537
249 246 537
250 246 537
251 246 537
252 246 536
253 246 535
254 246 534
255 246 534
256 246 534
257 246 534
258 246 535
232 247 529
233 247 529
234 247 529
235 247 530
236 247 531
237 247 531
238 247 532
239 247 533
240 247 533
241 247 534
243 247 535
244 247 536
245 247 537
246 247 537
247 247 537
248 247 537
249 247 537
250 247 538
251 247 537
252 247 537
253 247 536
254 247 535
255 247 535
256 247 535
257 247 535
258 247 535
259 247 535
232 248 529
233 248 529
234 248 529
235 248 530
236 248 531
237 248 531
238 248 532
239 248 533
240 248 534
241 248 534
242 248 535
244 248 536
245 248 537
246 248 537
247 248 538
248 248 538
249 248 538
250 248 538
251 248 538
252 248 538
253 248 537
254 248 537
255 248 537
256 248 536
257 248 536
258 248 536
259 248 536
232 249 529
233 249 529
234 249 529
235 249 529
236 249 530
237 249 531
238 249 532
239 249 533
240 249 534
242 249 535
243 249 536
244 249 537
245 249 537
246 249 538
247 249 538
248 249 538
249 249 538
250 249 539
251 249 539
252 249 539
253 249 539
254 249 538
255 249 538
256 249 537
257 249 537
258 249 537
259 249 536
232 250 528
233 250 528
234 250 528
235 250 529
236 250 530
237 250 531
238 250 533
239 250 533
240 250 534
242 250 535
243 250 536
244 250 537
245 250 537
246 250 538
247 250 539
248 250 539
249 250 539
250 250 539
251 250 539
252 250 540
253 250 540
254 250 539
255 250 539
256 250 539
257 250 538
258 250 537
259 250 537
260 250 536
232 251 528
233 251 528
234 251 528
235 251 529
236 251 530
237 251 531
238 251 533
239 251 534
240 251 534
242 251 535
243 251 536
244 251 536
245 251 538
246 251 538
247 251 539
248 251 539
249 251 540
250 251 540
251 251 540
252 251 540
253 251 540
254 251 541
255 251 540
256 251 540
257 251 539
258 251 538
259 251 537
260 251 537
233 252 528
234 252 528
235 252 529
236 252 530
237 252 531
238 252 532
239 252 533
240 252 534
242 252 535
243 252 536
244 252 537
245 252 537
246 252 538
247 252 539
248 252 540
249 252 540
250 252 541
251 252 541
252 252 542
253 252 542
254 252 542
255 252 543
256 252 542
257 252 541
258 252 540
259 252 539
260 252 538
233 253 527
234 253 527
235 253 528
236 253 530
237 253 531
238 253 532
239 253 533
240 253 534
241 253 534
242 253 535
244 253 536
245 253 537
246 253 538
247 253 539
248 253 540
249 253 540
250 253 541
251 253 541
252 253 542
253 253 542
254 253 543
255 253 543
256 253 543
257 253 543
258 253 542
259 253 541
260 253 540
234 254 527
235 254 528
236 254 529
237 254 531
238 254 532
239 254 533
240 254 534
241 254 534
242 254 535
244 254 536
245 254 537
246 254 538
247 254 539
248 254 540
249 254 540
250 254 541
251 254 541
252 254 542
253 254 542
254 254 543
255 254 543
256 254 543
257 254 543
258 254 542
259 254 542
260 254 542
261 254 541
234 255 527
235 255 528
236 255 529
237 255 530
238 255 531
239 255 532
240 255 533
241 255 534
242 255 534
243 255 535
244 255 536
245 255 537
246 255 538
247 255 539
248 255 540
249 255 540
250 255 541
251 255 541
252 255 542
253 255 542
254 255 542
255 255 543
256 255 543
257 255 543
258 255 543
259 255 542
260 255 542
261 255 542
235 256 528
236 256 529
237 256 530
238 256 531
239 256 532
240 256 533
241 256 533
242 256 534
243 256 535
245 256 537
246 256 538
247 256 539
248 256 540
249 256 540
250 256 540
251 256 541
252 256 541
253 256 541
254 256 542
255 256 542
256 256 542
257 256 543
258 256 543
259 256 543
260 256 543
261 256 543
235 257 528
236 257 529
237 257 530
238 257 531
239 257 531
240 257 532
241 257 533
242 257 534
243 257 535
245 257 536
246 257 537
247 257 538
248 257 539
249 257 540
250 257 540
251 257 540
252 257 541
253 257 541
254 257 541
255 257 542
256 257 542
257 257 543
258 257 543
259 257 543
260 257 543
261 257 543
236 258 529
237 258 530
238 258 530
239 258 531
240 258 532
241 258 532
242 258 533
243 258 534
244 258 535
245 258 536
246 258 537
247 258 538
248 258 539
249 258 539
250 258 539
251 258 540
252 258 540
253 258 540
254 258 541
255 258 541
256 258 542
257 258 542
258 258 543
259 258 543
260 258 543
261 258 544
236 259 529
237 259 529
238 259 530
239 259 530
240 259 531
241 259 532
242 259 533
243 259 534
244 259 535
246 259 536
247 259 537
248 259 538
249 259 538
250 259 539
251 259 539
252 259 539
253 259 540
254 259 540
255 259 541
256 259 541
257 259 542
258 259 543
259 259 543
260 259 543
261 259 544
238 260 530
239 260 530
240 260 530
241 260 531
242 260 532
243 260 533
244 260 534
245 260 534
246 260 535
247 260 536
248 260 536
249 260 537
250 260 537
251 260 538
252 260 538
253 260 538
254 260 539
255 260 540
256 260 540
257 260 541
258 260 542
259 260 543
260 260 543
238 261 530
239 261 530
240 261 530
241 261 531
242 261 532
243 261 532
244 261 533
245 261 534
246 261 534
247 261 535
248 261 536
249 261 536
250 261 537
251 261 537
253 261 538
254 261 539
255 261 539
256 261 540
257 261 541
258 261 542
259 261 542
260 261 543
239 262 530
240 262 531
241 262 531
242 262 532
243 262 532
244 262 533
245 262 533
246 262 534
247 262 534
248 262 535
249 262 536
250 262 536
251 262 537
252 262 537
254 262 538
255 262 539
256 262 540
257 262 540
258 262 541
259 262 542
260 262 543
240 263 530
241 263 531
242 263 532
243 263 532
244 263 533
245 263 533
246 263 533
247 263 534
248 263 534
249 263 535
250 263 535
251 263 536
252 263 537
253 263 537
254 263 538
255 263 538
256 263 539
257 263 540
258 263 541
259 263 542
260 263 543
240 264 531
241 264 531
242 264 532
243 264 532
244 264 532
245 264 533
246 264 533
247 264 533
248 264 534
249 264 534
250 264 535
251 264 535
252 264 536
253 264 537
255 264 538
256 264 539
257 264 540
258 264 541
259 264 542
241 265 532
242 265 532
243 265 532
244 265 532
245 265 532
246 265 532
247 265 533
248 265 533
249 265 534
250 265 534
251 265 535
252 265 535
253 265 536
254 265 537
255 265 538
256 265 539
257 265 540
258 265 541
259 265 542
242 266 532
243 266 532
244 266 532
245 266 532
246 266 532
247 266 532
248 266 533
249 266 534
250 266 534
251 266 535
252 266 535
253 266 536
254 266 537
256 266 539
257 266 540
258 266 541
259 266 542
243 267 532
244 267 532
245 267 532
246 267 532
247 267 532
248 267 533
249 267 533
250 267 534
251 267 534
252 267 535
253 267 535
254 267 537
257 267 540
258 267 541
245 268 531
246 268 531
247 268 531
248 268 532
249 268 533
250 268 534
251 268 534
252 268 534
253 268 535
254 268 536
255 268 537
256 268 538
257 268 539
258 268 541
247 269 531
248 269 532
249 269 533
250 269 534
251 269 534
252 269 535
253 269 535
254 269 536
255 269 537
257 269 539
248 270 532
249 270 533
250 270 534
251 270 535
252 270 535
253 270 536
254 270 537
255 270 538
256 270 539
