X Y Z
285 326 550
286 326 550
287 326 549
289 326 548
290 326 547
291 326 548
292 326 550
285 327 551
286 327 550
287 327 549
288 327 549
289 327 548
290 327 548
291 327 548
292 327 551
293 327 553
294 327 554
284 328 551
285 328 551
286 328 551
287 328 550
288 328 550
289 328 549
290 328 549
291 328 549
292 328 552
293 328 554
295 328 555
284 329 552
285 329 552
286 329 551
287 329 551
288 329 550
289 329 550
290 329 550
291 329 551
292 329 553
294 329 555
295 329 556
296 329 555
284 330 553
285 330 553
286 330 552
287 330 552
288 330 551
289 330 550
290 330 551
291 330 552
292 330 554
294 330 556
295 330 556
296 330 556
284 331 554
285 331 554
286 331 553
287 331 553
288 331 553
289 331 553
290 331 554
291 331 554
292 331 555
293 331 556
294 331 557
295 331 557
296 331 557
297 331 557
284 332 556
285 332 556
286 332 556
287 332 555
288 332 555
289 332 556
290 332 556
291 332 556
292 332 557
293 332 558
294 332 559
295 332 558
296 332 559
297 332 559
298 332 559
285 333 557
286 333 557
287 333 556
289 333 556
290 333 557
291 333 557
292 333 558
293 333 558
294 333 559
295 333 559
296 333 559
297 333 559
298 333 560
299 333 561
284 334 557
285 334 557
286 334 557
287 334 556
288 334 556
289 334 557
290 334 557
291 334 557
292 334 558
293 334 558
294 334 559
295 334 559
296 334 559
297 334 560
298 334 561
299 334 562
284 335 557
285 335 557
286 335 557
287 335 557
288 335 557
289 335 557
290 335 558
291 335 558
292 335 558
293 335 558
294 335 558
295 335 559
296 335 559
297 335 560
298 335 561
299 335 563
284 336 557
285 336 557
286 336 557
287 336 557
288 336 557
289 336 557
290 336 558
291 336 558
292 336 558
293 336 558
294 336 558
295 336 559
296 336 559
297 336 560
298 336 562
299 336 564
300 336 565
284 337 557
285 337 556
286 337 556
287 337 557
288 337 557
289 337 557
290 337 558
291 337 558
292 337 558
293 337 558
294 337 558
295 337 559
296 337 559
297 337 561
298 337 563
300 337 567
284 338 556
285 338 556
286 338 556
287 338 556
288 338 557
289 338 557
290 338 557
291 338 557
292 338 558
293 338 558
294 338 558
295 338 559
296 338 559
297 338 561
298 338 563
299 338 565
300 338 568
301 338 571
284 339 556
285 339 556
286 339 556
287 339 556
288 339 556
289 339 557
290 339 557
291 339 557
292 339 557
293 339 558
294 339 558
295 339 559
296 339 559
297 339 562
298 339 564
299 339 566
300 339 569
301 339 571
284 340 554
285 340 555
286 340 555
287 340 556
288 340 556
289 340 557
290 340 557
291 340 557
292 340 558
293 340 558
294 340 559
295 340 559
296 340 561
298 340 565
299 340 568
300 340 570
301 340 572
284 341 554
285 341 554
286 341 555
287 341 556
288 341 556
289 341 557
290 341 557
291 341 557
292 341 558
293 341 558
294 341 559
295 341 559
296 341 561
298 341 566
299 341 568
300 341 571
301 341 572
285 342 554
286 342 555
287 342 556
288 342 556
289 342 557
290 342 557
291 342 558
292 342 558
293 342 559
294 342 560
295 342 560
296 342 562
297 342 564
298 342 567
299 342 569
300 342 571
301 342 572
303 342 574
284 343 554
285 343 554
286 343 555
287 343 556
288 343 556
289 343 557
290 343 557
291 343 558
292 343 558
293 343 559
294 343 560
295 343 561
296 343 563
297 343 565
298 343 568
299 343 570
300 343 571
301 343 572
302 343 573
303 343 574
284 344 554
285 344 555
286 344 556
287 344 556
288 344 557
289 344 557
290 344 558
291 344 558
292 344 559
293 344 560
294 344 561
295 344 562
299 344 571
300 344 571
301 344 572
302 344 573
303 344 574
284 345 555
285 345 555
286 345 556
287 345 556
288 345 557
289 345 557
290 345 558
291 345 559
292 345 559
293 345 561
294 345 562
296 345 565
299 345 571
300 345 571
301 345 572
302 345 572
284 346 556
285 346 556
286 346 556
287 346 557
288 346 557
289 346 558
290 346 558
291 346 559
292 346 560
293 346 561
294 346 563
295 346 564
296 346 566
299 346 572
300 346 571
301 346 572
302 346 572
303 346 573
285 347 556
286 347 556
287 347 557
288 347 557
289 347 558
290 347 558
291 347 559
292 347 560
293 347 562
295 347 565
296 347 567
298 347 572
299 347 572
300 347 571
301 347 571
302 347 571
303 347 572
286 348 557
287 348 557
288 348 557
289 348 558
290 348 559
291 348 560
292 348 561
293 348 562
295 348 566
296 348 568
297 348 571
298 348 572
299 348 571
300 348 571
301 348 571
302 348 571
303 348 572
286 349 557
287 349 557
288 349 557
289 349 558
290 349 559
291 349 560
292 349 561
293 349 562
295 349 566
296 349 568
297 349 570
298 349 572
299 349 571
300 349 571
301 349 571
302 349 571
303 349 571
288 350 557
289 350 558
290 350 559
291 350 560
292 350 561
293 350 562
295 350 565
296 350 568
297 350 570
298 350 571
299 350 571
300 350 571
301 350 571
302 350 571
303 350 571
288 351 558
289 351 558
290 351 559
291 351 560
292 351 561
293 351 562
295 351 565
296 351 567
297 351 569
298 351 571
299 351 571
300 351 571
301 351 571
302 351 571
303 351 571
287 352 557
288 352 558
289 352 558
290 352 559
291 352 560
292 352 561
293 352 562
295 352 564
296 352 567
297 352 569
298 352 570
299 352 571
300 352 571
301 352 570
302 352 570
285 353 557
286 353 557
287 353 557
288 353 558
289 353 558
290 353 559
291 353 560
292 353 561
293 353 562
294 353 563
295 353 564
296 353 566
297 353 568
298 353 570
299 353 570
300 353 570
301 353 570
302 353 570
286 354 557
287 354 557
288 354 558
289 354 558
290 354 559
291 354 560
292 354 561
293 354 561
294 354 563
295 354 564
296 354 566
297 354 568
298 354 569
299 354 570
300 354 570
301 354 570
288 355 558
289 355 558
290 355 559
291 355 560
292 355 560
293 355 561
294 355 562
296 355 565
297 355 567
298 355 569
299 355 570
300 355 570
290 356 559
291 356 559
292 356 560
293 356 561
294 356 562
295 356 563
297 356 566
298 356 568
292 357 560
