X Y Z
201 332 576
202 332 576
203 332 575
204 332 575
205 332 574
206 332 573
207 332 572
208 332 570
209 332 568
210 332 568
199 333 576
200 333 576
201 333 576
202 333 576
203 333 576
204 333 575
205 333 574
206 333 573
207 333 572
208 333 570
209 333 569
210 333 569
211 333 568
198 334 578
199 334 577
200 334 577
201 334 577
202 334 577
203 334 576
204 334 575
205 334 574
206 334 573
207 334 572
208 334 570
209 334 569
210 334 569
211 334 569
197 335 580
198 335 579
199 335 579
200 335 578
201 335 578
202 335 577
203 335 576
204 335 575
205 335 574
206 335 573
207 335 572
208 335 571
209 335 570
210 335 569
211 335 569
197 336 581
198 336 580
199 336 580
200 336 579
201 336 578
202 336 577
203 336 577
204 336 576
205 336 575
206 336 574
207 336 572
208 336 571
209 336 570
210 336 569
211 336 569
212 336 569
197 337 582
198 337 582
199 337 581
200 337 580
201 337 579
202 337 578
203 337 577
204 337 576
205 337 575
206 337 574
207 337 573
208 337 572
209 337 570
210 337 570
211 337 569
212 337 569
196 338 584
197 338 583
198 338 583
199 338 582
200 338 581
201 338 580
202 338 579
203 338 577
204 338 576
205 338 575
206 338 574
207 338 573
208 338 572
209 338 570
210 338 570
211 338 569
212 338 569
213 338 569
196 339 586
197 339 585
198 339 584
199 339 583
200 339 582
201 339 580
202 339 579
203 339 578
204 339 577
205 339 575
206 339 574
207 339 573
208 339 572
209 339 570
210 339 570
211 339 570
212 339 569
213 339 569
196 340 587
197 340 587
198 340 585
199 340 584
200 340 582
201 340 581
202 340 579
203 340 578
204 340 576
205 340 575
206 340 574
207 340 573
208 340 572
209 340 571
210 340 570
211 340 570
212 340 569
213 340 569
196 341 588
197 341 587
198 341 587
199 341 584
200 341 582
201 341 581
202 341 579
203 341 577
204 341 576
205 341 575
206 341 574
207 341 573
208 341 572
209 341 571
210 341 570
211 341 569
212 341 569
213 341 569
196 342 588
197 342 588
198 342 587
199 342 585
200 342 583
201 342 581
202 342 579
203 342 577
204 342 576
205 342 575
206 342 574
207 342 573
208 342 572
209 342 571
210 342 570
211 342 570
212 342 569
213 342 569
196 343 588
197 343 588
198 343 587
199 343 585
201 343 581
202 343 579
203 343 577
204 343 576
205 343 575
206 343 574
207 343 573
208 343 572
209 343 571
210 343 570
211 343 570
212 343 569
213 343 570
196 344 588
197 344 588
198 344 587
199 344 585
201 344 581
202 344 579
203 344 577
204 344 576
205 344 575
206 344 574
207 344 573
208 344 572
209 344 571
210 344 570
211 344 570
212 344 570
213 344 570
214 344 570
196 345 588
197 345 588
198 345 587
199 345 586
200 345 584
201 345 582
202 345 580
203 345 577
204 345 576
205 345 575
206 345 574
207 345 573
208 345 572
209 345 572
210 345 571
211 345 570
212 345 570
213 345 570
214 345 570
196 346 587
197 346 588
198 346 587
199 346 586
200 346 584
201 346 582
202 346 580
203 346 577
204 346 575
205 346 575
206 346 574
207 346 573
208 346 573
209 346 572
210 346 571
211 346 570
212 346 570
213 346 570
214 346 570
196 347 587
197 347 587
198 347 587
199 347 586
200 347 584
201 347 582
202 347 580
203 347 577
204 347 576
205 347 575
206 347 574
207 347 573
208 347 573
209 347 572
210 347 571
211 347 571
212 347 570
213 347 570
214 347 570
215 347 570
196 348 586
197 348 586
198 348 586
199 348 585
200 348 584
201 348 583
202 348 581
203 348 578
204 348 576
205 348 575
206 348 574
207 348 574
208 348 573
209 348 572
210 348 572
211 348 571
212 348 571
213 348 570
214 348 570
215 348 570
216 348 570
196 349 585
197 349 586
198 349 586
199 349 585
200 349 584
201 349 583
202 349 581
203 349 578
204 349 577
205 349 576
206 349 575
207 349 574
208 349 573
209 349 573
210 349 572
211 349 571
212 349 571
213 349 571
214 349 570
215 349 571
216 349 570
217 349 571
196 350 584
197 350 585
198 350 585
199 350 584
200 350 584
201 350 583
202 350 581
203 350 580
204 350 577
205 350 576
206 350 575
207 350 574
208 350 573
209 350 573
210 350 572
211 350 572
212 350 571
213 350 571
214 350 570
215 350 570
216 350 570
217 350 571
196 351 583
197 351 584
198 351 584
199 351 584
200 351 583
201 351 582
202 351 581
203 351 580
204 351 578
205 351 576
206 351 575
207 351 574
208 351 574
209 351 573
210 351 573
211 351 572
212 351 571
213 351 571
214 351 570
215 351 570
216 351 570
217 351 571
196 352 582
197 352 583
198 352 583
199 352 583
200 352 583
201 352 582
202 352 581
203 352 580
204 352 578
205 352 577
206 352 576
207 352 575
208 352 574
209 352 573
210 352 573
211 352 572
212 352 571
213 352 571
214 352 570
215 352 570
216 352 571
217 352 571
196 353 581
197 353 582
198 353 582
199 353 582
200 353 582
201 353 581
202 353 581
203 353 580
204 353 578
205 353 577
206 353 576
207 353 575
208 353 574
209 353 574
210 353 573
211 353 573
212 353 571
213 353 571
214 353 570
215 353 570
216 353 570
196 354 580
197 354 581
198 354 581
199 354 581
200 354 581
201 354 581
202 354 580
203 354 580
204 354 578
205 354 577
206 354 576
207 354 575
208 354 574
209 354 574
210 354 573
211 354 573
212 354 571
213 354 571
214 354 570
215 354 570
216 354 570
217 354 570
196 355 579
197 355 580
198 355 580
199 355 581
200 355 581
201 355 580
202 355 580
203 355 579
204 355 578
205 355 577
206 355 576
207 355 575
208 355 574
209 355 574
210 355 574
211 355 573
212 355 572
213 355 571
214 355 570
215 355 570
216 355 570
217 355 570
196 356 577
197 356 578
198 356 578
199 356 579
200 356 579
201 356 579
202 356 579
203 356 578
204 356 577
205 356 576
206 356 576
207 356 575
208 356 575
209 356 574
210 356 574
211 356 573
212 356 572
213 356 571
214 356 571
215 356 570
216 356 570
217 356 570
197 357 577
198 357 578
199 357 578
200 357 579
201 357 579
202 357 578
203 357 578
204 357 577
205 357 576
206 357 576
207 357 575
208 357 575
209 357 574
210 357 574
211 357 573
212 357 573
213 357 572
214 357 571
215 357 570
216 357 570
217 357 570
218 357 571
196 358 576
197 358 577
198 358 577
199 358 578
200 358 578
201 358 578
202 358 578
203 358 577
204 358 577
205 358 576
206 358 575
207 358 575
208 358 575
209 358 574
210 358 574
211 358 573
212 358 573
213 358 572
214 358 571
215 358 571
216 358 571
217 358 571
218 358 571
196 359 574
197 359 575
198 359 575
199 359 577
200 359 577
201 359 577
202 359 577
203 359 577
204 359 576
205 359 576
206 359 575
207 359 575
208 359 574
209 359 574
210 359 574
211 359 573
212 359 573
213 359 572
214 359 571
215 359 571
216 359 570
217 359 570
218 359 571
196 360 573
197 360 574
198 360 575
199 360 575
200 360 576
201 360 577
202 360 577
203 360 576
204 360 576
205 360 575
206 360 575
207 360 575
208 360 574
209 360 574
210 360 574
211 360 573
212 360 573
213 360 572
214 360 571
215 360 571
216 360 570
217 360 570
218 360 571
196 361 573
197 361 573
198 361 574
199 361 575
200 361 575
201 361 576
202 361 576
203 361 576
204 361 575
205 361 575
206 361 575
207 361 574
208 361 574
209 361 574
210 361 573
211 361 573
212 361 572
213 361 572
214 361 571
215 361 571
216 361 571
217 361 570
218 361 571
196 362 572
197 362 573
198 362 574
199 362 574
200 362 575
201 362 575
202 362 575
203 362 575
204 362 575
205 362 574
206 362 574
207 362 574
208 362 574
209 362 574
210 362 573
211 362 573
212 362 572
213 362 572
214 362 571
215 362 571
216 362 571
217 362 570
218 362 571
196 363 571
197 363 572
198 363 573
199 363 574
200 363 574
201 363 575
202 363 575
203 363 574
204 363 574
205 363 574
206 363 574
207 363 574
208 363 574
209 363 573
210 363 573
211 363 573
212 363 572
213 363 571
214 363 571
215 363 570
216 363 570
217 363 570
218 363 570
196 364 570
197 364 571
198 364 572
199 364 573
200 364 573
201 364 574
202 364 574
203 364 574
204 364 574
205 364 574
206 364 573
207 364 573
208 364 573
209 364 573
210 364 572
211 364 571
212 364 571
213 364 571
214 364 570
215 364 570
216 364 570
217 364 570
218 364 570
196 365 570
197 365 571
198 365 572
199 365 572
200 365 573
201 365 573
202 365 573
203 365 573
204 365 573
205 365 573
206 365 573
207 365 573
208 365 573
209 365 572
210 365 572
211 365 571
212 365 571
213 365 570
214 365 570
215 365 570
216 365 570
217 365 569
218 365 570
196 366 570
197 366 571
198 366 572
199 366 572
200 366 573
201 366 573
202 366 573
203 366 573
204 366 573
205 366 573
206 366 573
207 366 573
208 366 572
209 366 572
210 366 571
211 366 571
212 366 571
213 366 570
214 366 570
215 366 569
216 366 569
217 366 570
218 366 569
196 367 570
197 367 571
198 367 571
199 367 572
200 367 572
201 367 573
202 367 573
203 367 573
204 367 573
205 367 573
206 367 573
207 367 572
208 367 572
209 367 572
210 367 571
211 367 571
212 367 570
213 367 570
214 367 569
215 367 569
216 367 569
217 367 569
218 367 570
219 367 570
196 368 569
197 368 570
198 368 571
199 368 571
200 368 572
201 368 572
202 368 572
203 368 572
204 368 573
205 368 573
206 368 573
207 368 572
208 368 572
209 368 571
210 368 571
211 368 571
212 368 570
213 368 570
214 368 569
215 368 569
216 368 570
217 368 569
218 368 570
219 368 570
196 369 569
197 369 570
198 369 570
199 369 571
200 369 571
201 369 572
202 369 572
203 369 572
204 369 572
205 369 572
206 369 572
207 369 572
208 369 571
209 369 571
210 369 571
211 369 570
212 369 570
213 369 570
214 369 569
215 369 569
216 369 570
217 369 570
218 369 570
219 369 571
197 370 569
198 370 570
199 370 570
200 370 571
201 370 571
202 370 571
203 370 571
204 370 572
205 370 572
206 370 572
207 370 571
208 370 571
209 370 571
210 370 570
211 370 570
212 370 570
213 370 570
214 370 569
215 370 570
216 370 570
217 370 570
218 370 571
219 370 572
196 371 568
197 371 569
198 371 569
199 371 570
200 371 570
201 371 570
202 371 571
203 371 571
204 371 571
205 371 571
206 371 571
207 371 571
208 371 571
209 371 571
210 371 570
211 371 570
212 371 570
213 371 570
214 371 569
215 371 570
216 371 570
217 371 571
218 371 571
197 372 568
198 372 568
199 372 569
200 372 569
201 372 569
202 372 569
203 372 570
204 372 570
205 372 570
206 372 570
207 372 570
208 372 570
209 372 570
210 372 570
211 372 570
212 372 570
213 372 570
214 372 569
215 372 570
216 372 571
217 372 572
218 372 573
197 373 567
198 373 568
199 373 568
200 373 568
201 373 569
202 373 569
203 373 569
204 373 569
205 373 570
206 373 569
207 373 570
208 373 570
209 373 569
210 373 569
211 373 569
212 373 569
213 373 569
214 373 569
215 373 570
216 373 571
217 373 572
198 374 568
199 374 568
200 374 568
201 374 568
202 374 568
203 374 568
204 374 569
205 374 569
206 374 569
207 374 569
208 374 569
209 374 569
210 374 569
211 374 569
212 374 569
213 374 569
214 374 569
215 374 570
216 374 571
199 375 567
200 375 567
201 375 568
202 375 568
203 375 568
204 375 568
205 375 568
206 375 568
207 375 568
208 375 569
209 375 569
210 375 569
211 375 569
212 375 569
213 375 569
214 375 569
215 375 570
200 376 567
201 376 567
202 376 567
203 376 567
204 376 567
205 376 567
206 376 568
207 376 568
208 376 568
209 376 568
210 376 568
211 376 568
212 376 568
213 376 569
214 376 569
201 377 567
202 377 567
203 377 567
204 377 567
205 377 567
206 377 567
207 377 567
208 377 567
209 377 567
210 377 567
211 377 568
212 377 568
213 377 568
202 378 566
203 378 566
204 378 566
205 378 566
206 378 567
207 378 567
208 378 567
209 378 567
210 378 567
211 378 567
212 378 568
204 379 566
205 379 566
206 379 566
207 379 566
208 379 567
209 379 567
210 379 567
211 379 567
