X Y Z
178 300 597
179 300 597
180 300 597
181 300 597
182 300 597
183 300 597
184 300 597
185 300 596
186 300 596
187 300 595
188 300 594
189 300 593
190 300 592
191 300 592
175 301 598
176 301 598
177 301 598
178 301 597
179 301 597
180 301 596
181 301 596
182 301 596
183 301 596
184 301 597
185 301 597
186 301 596
187 301 595
188 301 594
189 301 593
190 301 592
191 301 592
174 302 598
175 302 598
176 302 598
177 302 597
178 302 597
179 302 597
180 302 597
181 302 596
182 302 596
183 302 596
184 302 597
185 302 596
186 302 596
187 302 595
188 302 594
189 302 593
190 302 592
191 302 592
173 303 598
174 303 598
175 303 598
176 303 598
177 303 597
178 303 597
179 303 597
180 303 596
181 303 596
182 303 596
183 303 596
184 303 596
185 303 596
186 303 596
187 303 595
188 303 594
189 303 593
190 303 592
191 303 592
192 303 592
193 303 592
173 304 598
174 304 598
175 304 598
176 304 598
177 304 597
178 304 597
179 304 596
180 304 596
181 304 596
182 304 596
183 304 596
184 304 596
185 304 596
186 304 596
187 304 595
188 304 594
189 304 593
190 304 593
191 304 592
192 304 592
193 304 592
172 305 598
173 305 598
174 305 598
175 305 598
176 305 598
177 305 597
178 305 597
179 305 596
180 305 596
181 305 596
182 305 596
183 305 596
184 305 596
185 305 596
186 305 596
187 305 595
188 305 594
189 305 593
190 305 593
191 305 593
192 305 592
193 305 593
194 305 593
172 306 598
173 306 598
174 306 598
175 306 598
176 306 597
177 306 597
178 306 596
179 306 596
180 306 596
181 306 596
182 306 596
183 306 596
184 306 596
185 306 596
186 306 595
187 306 595
188 306 594
189 306 594
190 306 593
191 306 593
192 306 593
193 306 593
194 306 593
172 307 598
173 307 598
174 307 598
175 307 597
176 307 597
177 307 597
178 307 596
179 307 596
180 307 595
181 307 595
182 307 595
183 307 595
184 307 595
185 307 595
186 307 595
187 307 595
188 307 595
189 307 594
190 307 594
191 307 594
192 307 594
193 307 594
194 307 594
172 308 598
173 308 598
174 308 597
175 308 597
176 308 596
177 308 596
178 308 595
179 308 595
180 308 595
181 308 595
182 308 595
183 308 595
184 308 595
185 308 595
186 308 595
187 308 595
188 308 595
189 308 595
190 308 595
191 308 595
192 308 595
193 308 594
194 308 595
172 309 597
173 309 598
174 309 597
175 309 597
176 309 596
177 309 596
178 309 595
179 309 595
180 309 594
181 309 594
182 309 594
183 309 594
184 309 595
185 309 595
186 309 595
187 309 595
188 309 595
189 309 595
190 309 595
191 309 595
192 309 595
193 309 595
194 309 595
195 309 595
172 310 597
173 310 597
174 310 597
175 310 596
176 310 596
177 310 595
178 310 595
179 310 594
180 310 594
181 310 594
182 310 594
183 310 594
184 310 594
185 310 594
186 310 595
187 310 595
188 310 595
189 310 595
190 310 595
191 310 595
192 310 595
193 310 595
194 310 594
195 310 594
172 311 597
173 311 597
174 311 597
175 311 596
176 311 596
177 311 595
178 311 595
179 311 594
180 311 593
181 311 593
182 311 593
183 311 594
184 311 594
185 311 594
186 311 595
187 311 595
188 311 595
189 311 595
190 311 595
191 311 595
192 311 595
193 311 594
194 311 594
195 311 594
196 311 594
172 312 597
173 312 597
174 312 596
175 312 596
176 312 595
177 312 595
178 312 594
179 312 593
180 312 593
181 312 593
182 312 593
183 312 593
184 312 594
185 312 594
186 312 595
187 312 595
188 312 595
189 312 595
190 312 595
191 312 595
192 312 595
193 312 594
194 312 594
195 312 594
196 312 593
172 313 597
173 313 596
174 313 596
175 313 596
176 313 595
177 313 594
178 313 594
179 313 593
180 313 593
181 313 593
182 313 593
183 313 593
184 313 594
185 313 594
186 313 595
187 313 595
188 313 595
189 313 595
190 313 595
191 313 595
192 313 594
193 313 594
194 313 593
195 313 593
196 313 593
172 314 597
173 314 596
174 314 596
175 314 596
176 314 595
177 314 594
178 314 593
179 314 593
180 314 593
181 314 593
182 314 593
183 314 593
184 314 594
185 314 594
186 314 595
187 314 595
188 314 595
189 314 595
190 314 595
191 314 595
192 314 594
193 314 593
194 314 592
196 314 593
197 314 593
172 315 596
173 315 596
174 315 596
175 315 595
176 315 595
177 315 594
178 315 593
179 315 593
180 315 593
181 315 593
182 315 593
183 315 593
184 315 594
185 315 594
186 315 595
187 315 595
188 315 595
189 315 595
190 315 595
191 315 594
192 315 594
193 315 593
194 315 592
195 315 592
196 315 592
197 315 593
172 316 596
173 316 596
174 316 595
175 316 595
176 316 594
177 316 594
178 316 593
179 316 593
180 316 593
181 316 593
182 316 593
183 316 593
184 316 594
185 316 595
186 316 595
187 316 595
188 316 595
189 316 595
190 316 595
191 316 594
192 316 593
193 316 593
194 316 591
195 316 591
196 316 591
197 316 591
172 317 596
173 317 596
174 317 595
175 317 595
176 317 594
177 317 594
178 317 593
179 317 593
180 317 593
181 317 593
182 317 593
183 317 593
184 317 594
185 317 595
186 317 595
187 317 595
188 317 595
189 317 595
190 317 595
191 317 594
192 317 593
193 317 593
194 317 591
195 317 591
196 317 590
197 317 590
172 318 595
173 318 595
174 318 595
175 318 595
176 318 594
177 318 594
178 318 593
179 318 593
180 318 593
181 318 593
182 318 593
183 318 593
184 318 594
185 318 594
186 318 595
187 318 595
188 318 595
189 318 595
190 318 595
191 318 594
192 318 594
193 318 593
194 318 591
195 318 591
196 318 590
197 318 590
172 319 595
173 319 595
174 319 595
175 319 595
176 319 594
177 319 593
178 319 593
179 319 593
180 319 593
181 319 593
182 319 593
183 319 593
184 319 594
185 319 594
186 319 595
187 319 595
188 319 595
189 319 595
190 319 594
191 319 594
192 319 594
193 319 593
194 319 591
195 319 591
196 319 590
172 320 595
173 320 595
174 320 595
175 320 594
176 320 594
177 320 593
178 320 593
179 320 593
180 320 592
181 320 592
182 320 593
183 320 593
184 320 593
185 320 594
186 320 594
187 320 594
188 320 594
189 320 594
190 320 594
191 320 594
192 320 593
193 320 593
194 320 591
195 320 591
196 320 590
172 321 594
173 321 594
174 321 594
175 321 594
176 321 593
177 321 593
178 321 593
179 321 592
180 321 592
181 321 592
182 321 592
183 321 593
184 321 593
185 321 593
186 321 593
187 321 593
188 321 594
189 321 594
190 321 593
191 321 593
192 321 593
193 321 592
194 321 591
195 321 590
196 321 589
172 322 594
173 322 593
174 322 594
175 322 593
176 322 593
177 322 593
178 322 593
179 322 592
180 322 592
181 322 592
182 322 592
183 322 592
184 322 592
185 322 593
186 322 593
187 322 593
188 322 593
189 322 593
190 322 593
191 322 593
192 322 592
193 322 591
194 322 590
172 323 593
173 323 593
174 323 593
175 323 593
176 323 593
177 323 592
178 323 592
179 323 592
180 323 591
181 323 591
182 323 591
183 323 592
184 323 592
185 323 592
186 323 592
187 323 592
188 323 592
189 323 592
190 323 592
191 323 592
192 323 591
193 323 591
194 323 590
195 323 588
172 324 592
173 324 592
174 324 592
175 324 592
176 324 592
177 324 592
178 324 591
179 324 591
180 324 591
181 324 591
182 324 591
183 324 591
184 324 591
185 324 591
186 324 591
187 324 591
188 324 591
189 324 591
190 324 591
191 324 590
192 324 590
193 324 589
194 324 588
195 324 586
198 324 575
172 325 591
173 325 591
174 325 592
175 325 592
176 325 591
177 325 591
178 325 591
179 325 591
180 325 591
181 325 591
182 325 591
183 325 590
184 325 590
185 325 590
186 325 590
187 325 590
188 325 591
189 325 590
190 325 590
191 325 590
192 325 589
193 325 588
194 325 587
195 325 584
198 325 575
199 325 574
172 326 590
173 326 590
174 326 590
175 326 591
176 326 591
177 326 591
178 326 591
179 326 590
180 326 590
181 326 590
182 326 590
183 326 590
184 326 590
185 326 590
186 326 590
187 326 590
188 326 590
189 326 590
190 326 590
191 326 589
192 326 589
193 326 588
194 326 586
195 326 583
196 326 580
197 326 577
198 326 575
172 327 588
173 327 589
174 327 589
175 327 590
176 327 590
177 327 590
178 327 590
179 327 590
180 327 590
181 327 590
182 327 590
183 327 590
184 327 589
185 327 590
186 327 590
187 327 590
188 327 590
189 327 590
190 327 589
191 327 589
192 327 588
193 327 587
194 327 586
195 327 583
196 327 580
197 327 577
198 327 575
172 328 587
174 328 588
175 328 588
176 328 589
177 328 589
178 328 589
179 328 589
180 328 589
181 328 589
182 328 589
183 328 589
184 328 589
185 328 589
186 328 589
187 328 589
188 328 590
189 328 589
190 328 589
191 328 589
192 328 588
193 328 587
194 328 584
195 328 582
196 328 579
197 328 577
198 328 575
172 329 586
173 329 587
174 329 587
175 329 587
176 329 588
177 329 588
178 329 588
179 329 588
180 329 588
181 329 588
182 329 589
183 329 589
184 329 589
185 329 589
186 329 589
187 329 589
188 329 589
189 329 589
190 329 589
191 329 588
192 329 587
193 329 586
194 329 584
195 329 581
197 329 576
198 329 575
172 330 586
173 330 586
174 330 586
175 330 586
176 330 587
177 330 587
178 330 587
179 330 588
180 330 588
181 330 588
182 330 588
183 330 588
184 330 588
185 330 589
186 330 589
187 330 589
188 330 589
189 330 589
190 330 589
191 330 588
192 330 587
193 330 586
194 330 583
195 330 581
197 330 576
172 331 585
173 331 585
174 331 585
175 331 585
176 331 586
177 331 586
178 331 587
179 331 587
180 331 587
181 331 587
182 331 588
183 331 588
184 331 588
185 331 588
186 331 588
187 331 588
188 331 588
189 331 589
190 331 588
191 331 588
192 331 587
193 331 585
195 331 580
196 331 578
172 332 583
173 332 583
174 332 583
175 332 584
176 332 584
177 332 584
178 332 584
179 332 585
180 332 585
181 332 586
182 332 586
183 332 587
184 332 587
185 332 587
186 332 587
187 332 588
188 332 588
189 332 588
190 332 588
191 332 587
192 332 586
193 332 585
194 332 582
195 332 580
196 332 578
172 333 582
173 333 582
174 333 582
175 333 583
176 333 583
177 333 583
178 333 584
179 333 584
180 333 584
181 333 585
182 333 585
183 333 586
184 333 586
185 333 587
186 333 587
187 333 587
188 333 587
189 333 588
190 333 588
191 333 587
192 333 586
193 333 584
194 333 582
195 333 581
196 333 579
172 334 582
173 334 582
174 334 582
175 334 582
176 334 583
177 334 583
178 334 583
179 334 583
180 334 584
181 334 584
182 334 584
183 334 585
184 334 586
185 334 586
186 334 586
187 334 587
188 334 587
189 334 587
190 334 587
191 334 587
192 334 586
193 334 584
194 334 582
195 334 581
173 335 582
174 335 582
175 335 582
176 335 582
177 335 582
178 335 582
179 335 583
180 335 583
181 335 583
182 335 584
183 335 585
184 335 585
185 335 585
186 335 586
187 335 586
188 335 586
189 335 587
190 335 587
191 335 586
192 335 586
193 335 584
194 335 583
195 335 581
174 336 582
175 336 582
176 336 582
177 336 582
178 336 582
179 336 583
180 336 583
181 336 583
182 336 584
183 336 584
184 336 584
185 336 585
186 336 585
187 336 586
188 336 586
189 336 586
190 336 586
191 336 586
192 336 586
193 336 584
194 336 583
195 336 582
175 337 582
176 337 582
177 337 582
178 337 582
179 337 582
180 337 582
181 337 582
182 337 583
183 337 583
184 337 583
185 337 584
186 337 584
187 337 584
188 337 585
189 337 586
190 337 586
191 337 586
192 337 586
193 337 586
194 337 585
176 338 581
177 338 582
178 338 582
179 338 582
180 338 581
181 338 582
182 338 582
183 338 582
184 338 582
185 338 583
186 338 583
187 338 583
188 338 584
189 338 585
190 338 586
191 338 586
192 338 586
193 338 586
194 338 586
177 339 581
178 339 581
179 339 581
180 339 580
181 339 580
182 339 580
183 339 581
184 339 581
185 339 582
186 339 582
187 339 583
188 339 583
189 339 584
190 339 585
191 339 586
