X Y Z
329 356 609
330 356 611
331 356 612
332 356 614
333 356 615
334 356 616
326 357 607
327 357 607
328 357 608
329 357 609
330 357 611
331 357 612
332 357 614
333 357 615
334 357 616
335 357 616
325 358 606
326 358 607
327 358 607
328 358 608
329 358 609
330 358 611
331 358 612
332 358 614
333 358 615
334 358 616
335 358 617
325 359 606
326 359 607
327 359 607
328 359 608
329 359 609
330 359 610
331 359 612
332 359 614
333 359 616
334 359 617
335 359 617
325 360 606
326 360 607
327 360 608
328 360 608
329 360 609
330 360 611
331 360 612
332 360 614
333 360 616
334 360 617
336 360 618
325 361 607
326 361 607
327 361 608
328 361 608
329 361 609
330 361 611
331 361 613
332 361 614
333 361 616
334 361 617
336 361 618
325 362 607
326 362 608
327 362 608
328 362 609
329 362 609
330 362 611
331 362 613
332 362 614
333 362 616
334 362 617
336 362 618
325 363 607
326 363 608
327 363 608
328 363 609
329 363 610
330 363 611
331 363 613
332 363 614
333 363 616
334 363 617
335 363 618
336 363 618
323 364 603
324 364 605
325 364 607
326 364 608
327 364 609
328 364 610
329 364 611
330 364 612
331 364 613
332 364 614
333 364 616
334 364 617
323 365 602
324 365 605
325 365 606
326 365 608
327 365 609
328 365 610
329 365 611
330 365 612
331 365 613
332 365 614
333 365 615
334 365 616
335 365 617
323 366 602
324 366 605
325 366 606
326 366 608
327 366 609
328 366 611
329 366 611
330 366 612
331 366 613
332 366 614
333 366 615
334 366 615
335 366 616
323 367 602
324 367 605
325 367 606
326 367 608
327 367 610
328 367 611
329 367 611
330 367 612
331 367 613
332 367 614
333 367 614
335 367 615
323 368 602
324 368 605
326 368 608
327 368 610
328 368 611
329 368 612
330 368 612
331 368 613
332 368 614
333 368 614
334 368 614
335 368 615
322 369 599
323 369 602
324 369 605
326 369 608
327 369 610
328 369 611
329 369 611
330 369 612
331 369 613
332 369 613
333 369 614
334 369 614
335 369 614
322 370 599
323 370 601
324 370 605
326 370 608
327 370 610
328 370 611
329 370 611
330 370 612
331 370 612
332 370 613
333 370 613
334 370 613
335 370 614
336 370 614
321 371 597
322 371 599
323 371 601
324 371 605
326 371 608
327 371 610
328 371 611
329 371 611
330 371 612
331 371 612
332 371 613
333 371 613
334 371 613
335 371 613
321 372 597
322 372 599
323 372 601
324 372 605
326 372 609
327 372 610
328 372 611
329 372 611
330 372 611
331 372 612
332 372 612
333 372 612
334 372 613
335 372 613
321 373 597
322 373 599
323 373 602
324 373 605
325 373 607
326 373 609
327 373 611
328 373 611
329 373 611
330 373 611
331 373 611
332 373 612
333 373 612
334 373 612
335 373 612
336 373 613
321 374 598
322 374 600
323 374 603
324 374 606
325 374 608
326 374 610
327 374 611
328 374 611
329 374 611
330 374 611
331 374 611
332 374 612
333 374 612
334 374 612
335 374 612
336 374 612
320 375 596
321 375 598
322 375 601
323 375 604
325 375 609
326 375 610
327 375 611
328 375 611
329 375 611
330 375 611
331 375 611
332 375 611
333 375 612
334 375 611
335 375 612
336 375 612
337 375 611
320 376 596
321 376 598
322 376 602
323 376 605
324 376 607
325 376 610
326 376 611
327 376 611
328 376 611
329 376 611
330 376 611
331 376 611
332 376 612
333 376 611
334 376 611
335 376 611
336 376 611
337 376 611
320 377 597
321 377 599
322 377 602
324 377 608
325 377 610
326 377 611
327 377 611
328 377 611
329 377 611
330 377 611
331 377 611
332 377 611
333 377 611
334 377 611
335 377 611
336 377 611
320 378 597
321 378 600
322 378 603
324 378 609
325 378 611
326 378 611
327 378 611
328 378 611
329 378 611
330 378 611
331 378 611
332 378 611
333 378 611
334 378 611
335 378 611
336 378 611
320 379 597
321 379 601
322 379 605
323 379 607
324 379 610
325 379 611
326 379 611
327 379 611
328 379 611
329 379 611
330 379 611
331 379 611
332 379 611
333 379 611
334 379 611
335 379 611
336 379 611
320 380 600
321 380 604
323 380 608
324 380 611
325 380 612
326 380 611
327 380 611
328 380 611
329 380 611
330 380 611
331 380 611
332 380 611
333 380 611
334 380 611
335 380 611
320 381 601
322 381 606
323 381 609
324 381 611
325 381 611
326 381 611
327 381 611
328 381 611
329 381 610
330 381 611
331 381 611
332 381 611
333 381 611
334 381 611
335 381 611
320 382 601
321 382 605
322 382 606
323 382 608
324 382 610
325 382 610
326 382 610
327 382 610
328 382 610
329 382 610
330 382 611
331 382 611
332 382 611
333 382 611
334 382 610
320 383 602
321 383 605
322 383 606
323 383 608
324 383 609
325 383 610
326 383 610
327 383 610
328 383 610
329 383 610
330 383 611
331 383 611
332 383 610
333 383 610
320 384 602
321 384 605
322 384 606
323 384 608
324 384 608
325 384 608
326 384 609
327 384 609
328 384 609
329 384 610
330 384 610
331 384 610
332 384 610
320 385 602
321 385 605
323 385 607
324 385 608
325 385 608
326 385 608
327 385 609
328 385 609
329 385 610
330 385 610
331 385 610
332 385 610
320 386 602
321 386 605
322 386 606
323 386 607
324 386 607
325 386 608
326 386 608
327 386 608
328 386 609
329 386 610
321 387 604
322 387 605
324 387 606
326 387 607
327 387 608
328 387 608
329 387 609
