X Y Z
313 357 591
314 357 592
315 357 592
316 357 593
317 357 594
318 357 594
313 358 591
314 358 591
315 358 592
316 358 593
317 358 594
318 358 594
312 359 591
313 359 591
314 359 592
315 359 592
316 359 593
317 359 594
318 359 594
319 359 595
311 360 591
312 360 591
313 360 591
314 360 591
315 360 592
316 360 593
317 360 593
318 360 594
319 360 595
311 361 591
312 361 591
313 361 591
314 361 592
315 361 592
316 361 593
317 361 593
318 361 594
319 361 595
310 362 592
311 362 591
312 362 591
313 362 592
314 362 592
315 362 592
316 362 593
317 362 593
318 362 593
319 362 595
310 363 592
311 363 592
312 363 591
313 363 591
314 363 592
315 363 592
316 363 593
317 363 593
318 363 594
319 363 594
310 364 592
311 364 592
312 364 591
313 364 592
314 364 592
315 364 592
316 364 593
317 364 593
318 364 594
319 364 595
309 365 592
310 365 592
311 365 592
312 365 592
313 365 592
314 365 592
315 365 593
316 365 593
317 365 594
318 365 594
319 365 595
309 366 593
310 366 592
311 366 592
312 366 592
313 366 592
314 366 592
315 366 593
316 366 593
317 366 594
318 366 594
319 366 595
309 367 592
310 367 592
311 367 592
312 367 592
313 367 592
314 367 592
315 367 593
316 367 593
317 367 594
318 367 594
319 367 595
310 368 591
311 368 591
312 368 591
313 368 592
314 368 592
315 368 593
316 368 593
317 368 594
318 368 595
319 368 595
309 369 589
310 369 589
311 369 590
312 369 590
313 369 591
314 369 592
315 369 593
316 369 594
317 369 594
318 369 595
319 369 595
320 369 596
311 370 589
312 370 590
313 370 591
314 370 592
315 370 593
316 370 594
317 370 594
318 370 595
319 370 595
320 370 596
311 371 589
312 371 589
313 371 591
314 371 592
315 371 593
316 371 594
317 371 594
318 371 595
319 371 595
320 371 596
310 372 591
311 372 590
312 372 590
313 372 591
314 372 593
315 372 594
317 372 595
318 372 595
320 372 596
309 373 593
311 373 591
312 373 591
313 373 592
314 373 593
315 373 594
317 373 595
318 373 595
319 373 596
320 373 596
309 374 596
310 374 593
312 374 592
313 374 592
314 374 594
316 374 595
317 374 595
318 374 595
319 374 596
320 374 596
309 375 597
310 375 595
311 375 594
312 375 593
313 375 593
314 375 594
315 375 595
316 375 595
317 375 595
319 375 596
320 375 596
309 376 599
310 376 597
311 376 596
312 376 595
313 376 595
314 376 595
315 376 595
316 376 595
317 376 595
318 376 595
319 376 596
320 376 596
309 377 601
310 377 599
311 377 598
312 377 598
313 377 597
314 377 596
315 377 596
316 377 595
317 377 595
319 377 596
320 377 597
309 378 602
310 378 601
311 378 600
312 378 599
313 378 598
314 378 597
315 378 597
316 378 596
317 378 596
319 378 596
320 378 597
308 379 603
309 379 603
310 379 602
311 379 601
312 379 600
313 379 599
314 379 598
315 379 598
316 379 597
317 379 596
318 379 596
319 379 596
320 379 597
308 380 605
309 380 606
310 380 605
311 380 604
312 380 603
313 380 602
314 380 601
315 380 600
316 380 598
317 380 597
318 380 597
319 380 598
320 380 600
308 381 606
309 381 607
310 381 606
311 381 606
312 381 605
313 381 603
314 381 602
315 381 601
316 381 599
317 381 598
318 381 598
319 381 599
308 382 607
309 382 607
310 382 607
311 382 607
312 382 606
313 382 605
314 382 603
315 382 602
316 382 600
317 382 599
318 382 599
319 382 600
308 383 608
309 383 608
310 383 608
311 383 608
312 383 607
313 383 606
314 383 604
315 383 602
316 383 600
317 383 599
318 383 599
319 383 600
309 384 608
310 384 608
311 384 608
312 384 607
313 384 606
314 384 604
315 384 602
316 384 601
317 384 600
318 384 600
309 385 608
310 385 608
311 385 608
312 385 608
313 385 606
314 385 604
315 385 602
316 385 601
317 385 600
310 386 608
311 386 608
312 386 608
313 386 606
314 386 604
315 386 603
