338 232
339 232
340 232
341 232
342 232
343 232
344 232
345 232
346 232
337 233
338 233
339 233
340 233
341 233
342 233
343 233
344 233
345 233
346 233
347 233
348 233
336 234
337 234
338 234
339 234
340 234
341 234
342 234
343 234
344 234
345 234
346 234
347 234
348 234
336 235
337 235
338 235
339 235
340 235
341 235
342 235
343 235
344 235
345 235
346 235
347 235
348 235
349 235
350 235
336 236
337 236
338 236
339 236
340 236
341 236
342 236
343 236
344 236
345 236
346 236
347 236
348 236
349 236
350 236
351 236
336 237
337 237
338 237
339 237
340 237
341 237
342 237
343 237
344 237
345 237
346 237
347 237
348 237
349 237
350 237
351 237
336 238
337 238
338 238
339 238
340 238
341 238
342 238
343 238
344 238
345 238
346 238
347 238
348 238
349 238
350 238
351 238
336 239
337 239
338 239
339 239
340 239
341 239
342 239
343 239
344 239
345 239
346 239
347 239
348 239
349 239
350 239
351 239
352 239
336 240
337 240
338 240
339 240
340 240
341 240
342 240
343 240
344 240
345 240
346 240
347 240
348 240
349 240
350 240
351 240
352 240
336 241
337 241
338 241
339 241
340 241
341 241
342 241
343 241
344 241
345 241
346 241
347 241
348 241
349 241
350 241
351 241
352 241
336 242
337 242
338 242
339 242
340 242
341 242
342 242
343 242
344 242
345 242
346 242
347 242
348 242
349 242
350 242
351 242
352 242
336 243
337 243
338 243
339 243
340 243
341 243
342 243
343 243
344 243
345 243
346 243
347 243
348 243
349 243
350 243
351 243
352 243
336 244
337 244
338 244
339 244
340 244
341 244
342 244
343 244
344 244
345 244
346 244
347 244
348 244
349 244
350 244
351 244
352 244
336 245
337 245
338 245
339 245
340 245
341 245
342 245
343 245
344 245
345 245
346 245
347 245
348 245
349 245
350 245
351 245
352 245
336 246
337 246
338 246
339 246
340 246
341 246
342 246
343 246
344 246
345 246
346 246
347 246
348 246
349 246
350 246
351 246
352 246
336 247
337 247
338 247
339 247
340 247
341 247
342 247
343 247
344 247
345 247
346 247
347 247
348 247
349 247
350 247
351 247
352 247
336 248
337 248
338 248
339 248
340 248
341 248
342 248
343 248
344 248
345 248
346 248
347 248
348 248
349 248
350 248
351 248
352 248
336 249
337 249
338 249
339 249
340 249
341 249
342 249
343 249
344 249
345 249
346 249
347 249
348 249
349 249
350 249
351 249
352 249
336 250
337 250
338 250
339 250
340 250
341 250
342 250
343 250
344 250
345 250
346 250
347 250
348 250
349 250
350 250
351 250
352 250
336 251
337 251
338 251
339 251
340 251
341 251
342 251
343 251
344 251
345 251
346 251
347 251
348 251
349 251
350 251
351 251
352 251
336 252
337 252
338 252
339 252
340 252
341 252
342 252
343 252
344 252
345 252
346 252
347 252
348 252
349 252
350 252
351 252
352 252
336 253
337 253
338 253
339 253
340 253
341 253
342 253
343 253
344 253
345 253
346 253
347 253
348 253
349 253
350 253
351 253
352 253
336 254
337 254
338 254
339 254
340 254
341 254
342 254
343 254
344 254
345 254
346 254
347 254
348 254
349 254
350 254
351 254
352 254
337 255
338 255
339 255
340 255
341 255
342 255
343 255
344 255
345 255
346 255
347 255
348 255
349 255
350 255
351 255
337 256
338 256
339 256
340 256
341 256
342 256
343 256
344 256
345 256
346 256
347 256
348 256
349 256
350 256
351 256
338 257
339 257
340 257
341 257
342 257
343 257
344 257
345 257
346 257
347 257
348 257
349 257
350 257
351 257
339 258
340 258
341 258
342 258
343 258
344 258
345 258
346 258
347 258
348 258
349 258
341 259
342 259
343 259
344 259
345 259
346 259
