259 272
260 272
261 272
262 272
255 273
256 273
257 273
258 273
259 273
260 273
261 273
262 273
263 273
264 273
246 274
247 274
248 274
249 274
250 274
251 274
252 274
253 274
254 274
255 274
256 274
257 274
258 274
259 274
260 274
261 274
262 274
263 274
264 274
265 274
244 275
245 275
246 275
247 275
248 275
249 275
250 275
251 275
252 275
253 275
254 275
255 275
256 275
257 275
258 275
259 275
260 275
261 275
262 275
263 275
264 275
265 275
266 275
241 276
242 276
243 276
244 276
245 276
246 276
247 276
248 276
249 276
250 276
251 276
252 276
253 276
254 276
255 276
256 276
257 276
258 276
259 276
260 276
261 276
262 276
263 276
264 276
265 276
266 276
241 277
242 277
243 277
244 277
245 277
246 277
247 277
248 277
249 277
250 277
251 277
252 277
253 277
254 277
255 277
256 277
257 277
258 277
259 277
260 277
261 277
262 277
263 277
264 277
265 277
266 277
240 278
241 278
242 278
243 278
244 278
245 278
246 278
247 278
248 278
249 278
250 278
251 278
252 278
253 278
254 278
255 278
256 278
257 278
258 278
259 278
260 278
261 278
262 278
263 278
264 278
265 278
266 278
240 279
241 279
242 279
243 279
244 279
245 279
246 279
247 279
248 279
249 279
250 279
251 279
252 279
253 279
254 279
255 279
256 279
257 279
258 279
259 279
260 279
261 279
262 279
263 279
264 279
265 279
266 279
267 279
240 280
241 280
242 280
243 280
244 280
245 280
246 280
247 280
248 280
249 280
250 280
251 280
252 280
253 280
254 280
255 280
256 280
257 280
258 280
259 280
260 280
261 280
262 280
263 280
264 280
265 280
266 280
267 280
239 281
240 281
241 281
242 281
243 281
244 281
245 281
246 281
247 281
248 281
249 281
250 281
251 281
252 281
253 281
254 281
255 281
256 281
257 281
258 281
259 281
260 281
261 281
262 281
263 281
264 281
265 281
266 281
267 281
239 282
240 282
241 282
242 282
243 282
244 282
245 282
246 282
247 282
248 282
249 282
250 282
251 282
252 282
253 282
254 282
255 282
256 282
257 282
258 282
259 282
260 282
261 282
262 282
263 282
264 282
265 282
266 282
267 282
237 283
238 283
239 283
240 283
241 283
242 283
243 283
244 283
245 283
246 283
247 283
248 283
249 283
250 283
251 283
252 283
253 283
254 283
255 283
256 283
257 283
258 283
259 283
260 283
261 283
262 283
263 283
264 283
265 283
266 283
267 283
237 284
238 284
239 284
240 284
241 284
242 284
243 284
244 284
245 284
246 284
247 284
248 284
249 284
250 284
251 284
252 284
253 284
254 284
255 284
256 284
257 284
258 284
259 284
260 284
261 284
262 284
263 284
264 284
265 284
266 284
267 284
236 285
237 285
238 285
239 285
240 285
241 285
242 285
243 285
244 285
245 285
246 285
247 285
248 285
249 285
250 285
251 285
252 285
253 285
254 285
255 285
256 285
257 285
258 285
259 285
260 285
261 285
262 285
263 285
264 285
265 285
266 285
267 285
236 286
237 286
238 286
239 286
240 286
241 286
242 286
243 286
244 286
245 286
246 286
247 286
248 286
249 286
250 286
251 286
252 286
253 286
254 286
255 286
256 286
257 286
258 286
259 286
260 286
261 286
262 286
263 286
264 286
265 286
266 286
267 286
236 287
237 287
238 287
239 287
240 287
241 287
242 287
243 287
244 287
245 287
246 287
247 287
248 287
249 287
250 287
251 287
252 287
253 287
254 287
255 287
256 287
257 287
258 287
259 287
260 287
261 287
262 287
263 287
264 287
265 287
266 287
267 287
236 288
237 288
238 288
239 288
240 288
241 288
242 288
243 288
244 288
245 288
246 288
247 288
248 288
249 288
250 288
251 288
252 288
253 288
254 288
255 288
256 288
257 288
258 288
259 288
260 288
261 288
262 288
263 288
264 288
265 288
266 288
267 288
236 289
237 289
238 289
239 289
240 289
241 289
242 289
243 289
244 289
245 289
246 289
247 289
248 289
249 289
250 289
251 289
252 289
253 289
254 289
255 289
256 289
257 289
258 289
259 289
260 289
261 289
262 289
263 289
264 289
265 289
266 289
267 289
236 290
237 290
238 290
239 290
240 290
241 290
242 290
243 290
244 290
245 290
246 290
247 290
248 290
249 290
250 290
251 290
252 290
253 290
254 290
255 290
256 290
257 290
258 290
259 290
260 290
261 290
262 290
263 290
264 290
265 290
266 290
267 290
236 291
237 291
238 291
239 291
240 291
241 291
242 291
243 291
244 291
245 291
246 291
247 291
248 291
249 291
250 291
251 291
252 291
253 291
254 291
255 291
256 291
257 291
258 291
259 291
260 291
261 291
262 291
263 291
264 291
265 291
266 291
236 292
237 292
238 292
239 292
240 292
241 292
242 292
243 292
244 292
245 292
246 292
247 292
248 292
249 292
250 292
251 292
252 292
253 292
254 292
255 292
256 292
257 292
258 292
259 292
260 292
261 292
262 292
263 292
264 292
265 292
266 292
236 293
237 293
238 293
239 293
240 293
241 293
242 293
243 293
244 293
245 293
246 293
247 293
248 293
249 293
250 293
251 293
252 293
253 293
254 293
255 293
256 293
257 293
258 293
259 293
260 293
261 293
262 293
263 293
264 293
265 293
266 293
236 294
237 294
238 294
239 294
240 294
241 294
242 294
243 294
244 294
245 294
246 294
247 294
248 294
249 294
250 294
251 294
252 294
253 294
254 294
255 294
256 294
257 294
258 294
259 294
260 294
261 294
262 294
263 294
264 294
265 294
236 295
237 295
238 295
239 295
240 295
241 295
242 295
243 295
244 295
245 295
246 295
247 295
248 295
249 295
250 295
251 295
252 295
253 295
254 295
255 295
256 295
257 295
258 295
259 295
260 295
261 295
262 295
263 295
264 295
236 296
237 296
238 296
239 296
240 296
241 296
242 296
243 296
244 296
245 296
246 296
247 296
248 296
249 296
250 296
251 296
252 296
253 296
254 296
255 296
256 296
257 296
258 296
259 296
260 296
261 296
262 296
263 296
264 296
236 297
237 297
238 297
239 297
240 297
241 297
242 297
243 297
244 297
245 297
246 297
247 297
248 297
249 297
250 297
251 297
252 297
253 297
254 297
255 297
256 297
257 297
258 297
259 297
260 297
261 297
262 297
263 297
264 297
236 298
237 298
238 298
239 298
240 298
241 298
242 298
243 298
244 298
245 298
246 298
247 298
248 298
249 298
250 298
251 298
252 298
253 298
254 298
255 298
256 298
257 298
258 298
259 298
260 298
261 298
262 298
263 298
236 299
237 299
238 299
239 299
240 299
241 299
242 299
243 299
244 299
245 299
246 299
247 299
248 299
249 299
250 299
251 299
252 299
253 299
254 299
255 299
256 299
257 299
258 299
259 299
260 299
261 299
262 299
263 299
236 300
237 300
238 300
239 300
240 300
241 300
242 300
243 300
244 300
245 300
246 300
247 300
248 300
249 300
250 300
251 300
252 300
253 300
254 300
255 300
256 300
257 300
258 300
259 300
260 300
261 300
262 300
263 300
236 301
237 301
238 301
239 301
240 301
241 301
242 301
243 301
244 301
245 301
246 301
247 301
248 301
249 301
250 301
251 301
252 301
253 301
254 301
255 301
256 301
257 301
258 301
259 301
260 301
261 301
262 301
263 301
236 302
237 302
238 302
239 302
240 302
241 302
242 302
243 302
244 302
245 302
246 302
247 302
248 302
249 302
250 302
251 302
252 302
253 302
254 302
255 302
256 302
257 302
258 302
259 302
260 302
261 302
262 302
263 302
236 303
237 303
238 303
239 303
240 303
241 303
242 303
243 303
244 303
245 303
246 303
247 303
248 303
249 303
250 303
251 303
252 303
253 303
254 303
255 303
256 303
257 303
258 303
259 303
260 303
261 303
262 303
236 304
237 304
238 304
239 304
240 304
241 304
242 304
243 304
244 304
245 304
246 304
247 304
248 304
249 304
250 304
251 304
252 304
253 304
254 304
255 304
256 304
257 304
258 304
259 304
260 304
261 304
262 304
236 305
237 305
238 305
239 305
240 305
241 305
242 305
243 305
244 305
245 305
246 305
247 305
248 305
249 305
250 305
251 305
252 305
253 305
254 305
255 305
256 305
257 305
258 305
259 305
260 305
261 305
236 306
237 306
238 306
239 306
240 306
241 306
242 306
243 306
244 306
245 306
246 306
247 306
248 306
249 306
250 306
251 306
252 306
253 306
254 306
255 306
256 306
257 306
258 306
259 306
260 306
236 307
237 307
238 307
239 307
240 307
241 307
242 307
243 307
244 307
245 307
246 307
247 307
248 307
249 307
250 307
251 307
252 307
253 307
254 307
255 307
256 307
257 307
258 307
259 307
260 307
236 308
237 308
238 308
239 308
240 308
241 308
242 308
243 308
244 308
245 308
246 308
247 308
248 308
249 308
250 308
251 308
252 308
253 308
254 308
255 308
256 308
257 308
258 308
259 308
236 309
237 309
238 309
239 309
240 309
241 309
242 309
243 309
244 309
245 309
246 309
247 309
248 309
249 309
250 309
251 309
252 309
253 309
254 309
255 309
256 309
257 309
258 309
259 309
236 310
237 310
238 310
239 310
240 310
241 310
242 310
243 310
244 310
245 310
246 310
247 310
248 310
249 310
250 310
251 310
252 310
253 310
254 310
255 310
256 310
257 310
258 310
236 311
237 311
238 311
239 311
240 311
241 311
242 311
243 311
244 311
245 311
246 311
247 311
248 311
249 311
250 311
251 311
252 311
253 311
254 311
255 311
256 311
257 311
236 312
237 312
238 312
239 312
240 312
241 312
242 312
243 312
244 312
245 312
246 312
247 312
248 312
249 312
250 312
251 312
252 312
253 312
254 312
255 312
256 312
236 313
237 313
238 313
239 313
240 313
241 313
242 313
243 313
244 313
245 313
246 313
247 313
248 313
249 313
250 313
251 313
252 313
253 313
254 313
255 313
237 314
238 314
239 314
240 314
241 314
242 314
243 314
244 314
245 314
246 314
247 314
248 314
249 314
250 314
251 314
252 314
253 314
254 314
238 315
239 315
240 315
241 315
242 315
243 315
244 315
245 315
246 315
247 315
248 315
249 315
250 315
251 315
252 315
253 315
239 316
240 316
241 316
242 316
243 316
244 316
245 316
246 316
247 316
248 316
249 316
250 316
240 317
241 317
242 317
243 317
244 317
245 317
246 317
247 317
248 317
241 318
242 318
243 318
244 318
245 318
246 318
247 318
244 319
245 319
