360 281
361 281
362 281
358 282
359 282
360 282
361 282
362 282
357 283
358 283
359 283
360 283
361 283
362 283
363 283
356 284
357 284
358 284
359 284
360 284
361 284
362 284
363 284
356 285
357 285
358 285
359 285
360 285
361 285
362 285
363 285
355 286
356 286
357 286
358 286
359 286
360 286
361 286
362 286
363 286
354 287
355 287
356 287
357 287
358 287
359 287
360 287
361 287
362 287
363 287
353 288
354 288
355 288
356 288
357 288
358 288
359 288
360 288
361 288
362 288
363 288
352 289
353 289
354 289
355 289
356 289
357 289
358 289
359 289
360 289
361 289
362 289
363 289
352 290
353 290
354 290
355 290
356 290
357 290
358 290
359 290
360 290
361 290
362 290
363 290
351 291
352 291
353 291
354 291
355 291
356 291
357 291
358 291
359 291
360 291
361 291
362 291
363 291
349 292
350 292
351 292
352 292
353 292
354 292
355 292
356 292
357 292
358 292
359 292
360 292
361 292
362 292
363 292
348 293
349 293
350 293
351 293
352 293
353 293
354 293
355 293
356 293
357 293
358 293
359 293
360 293
361 293
362 293
363 293
348 294
349 294
350 294
351 294
352 294
353 294
354 294
355 294
356 294
357 294
358 294
359 294
360 294
361 294
362 294
363 294
348 295
349 295
350 295
351 295
352 295
353 295
354 295
355 295
356 295
357 295
358 295
359 295
360 295
361 295
362 295
363 295
348 296
349 296
350 296
351 296
352 296
353 296
354 296
355 296
356 296
357 296
358 296
359 296
360 296
361 296
362 296
363 296
348 297
349 297
350 297
351 297
352 297
353 297
354 297
355 297
356 297
357 297
358 297
359 297
360 297
361 297
362 297
363 297
348 298
349 298
350 298
351 298
352 298
353 298
354 298
355 298
356 298
357 298
358 298
359 298
360 298
361 298
362 298
363 298
348 299
349 299
350 299
351 299
352 299
353 299
354 299
355 299
356 299
357 299
358 299
359 299
360 299
361 299
362 299
363 299
348 300
349 300
350 300
351 300
352 300
353 300
354 300
355 300
356 300
357 300
358 300
359 300
360 300
361 300
362 300
363 300
348 301
349 301
350 301
351 301
352 301
353 301
354 301
355 301
356 301
357 301
358 301
359 301
360 301
361 301
362 301
363 301
348 302
349 302
350 302
351 302
352 302
353 302
354 302
355 302
356 302
357 302
358 302
359 302
360 302
361 302
362 302
348 303
349 303
350 303
351 303
352 303
353 303
354 303
355 303
356 303
357 303
358 303
359 303
360 303
361 303
348 304
349 304
350 304
351 304
352 304
353 304
354 304
355 304
356 304
357 304
358 304
359 304
360 304
348 305
349 305
350 305
351 305
352 305
353 305
354 305
355 305
356 305
357 305
358 305
359 305
360 305
348 306
349 306
350 306
351 306
352 306
353 306
354 306
355 306
356 306
357 306
358 306
359 306
349 307
350 307
351 307
352 307
353 307
354 307
355 307
356 307
357 307
358 307
350 308
351 308
352 308
353 308
354 308
355 308
