329 316
330 316
331 316
332 316
333 316
334 316
335 316
336 316
337 316
338 316
339 316
340 316
341 316
342 316
328 317
329 317
330 317
331 317
332 317
333 317
334 317
335 317
336 317
337 317
338 317
339 317
340 317
341 317
342 317
343 317
328 318
329 318
330 318
331 318
332 318
333 318
334 318
335 318
336 318
337 318
338 318
339 318
340 318
341 318
342 318
343 318
344 318
328 319
329 319
330 319
331 319
332 319
333 319
334 319
335 319
336 319
337 319
338 319
339 319
340 319
341 319
342 319
343 319
344 319
328 320
329 320
330 320
331 320
332 320
333 320
334 320
335 320
336 320
337 320
338 320
339 320
340 320
341 320
342 320
343 320
344 320
345 320
328 321
329 321
330 321
331 321
332 321
333 321
334 321
335 321
336 321
337 321
338 321
339 321
340 321
341 321
342 321
343 321
344 321
345 321
346 321
328 322
329 322
330 322
331 322
332 322
333 322
334 322
335 322
336 322
337 322
338 322
339 322
340 322
341 322
342 322
343 322
344 322
345 322
346 322
328 323
329 323
330 323
331 323
332 323
333 323
334 323
335 323
336 323
337 323
338 323
339 323
340 323
341 323
342 323
343 323
344 323
345 323
346 323
328 324
329 324
330 324
331 324
332 324
333 324
334 324
335 324
336 324
337 324
338 324
339 324
340 324
341 324
342 324
343 324
344 324
345 324
346 324
328 325
329 325
330 325
331 325
332 325
333 325
334 325
335 325
336 325
337 325
338 325
339 325
340 325
341 325
342 325
343 325
344 325
345 325
346 325
347 325
328 326
329 326
330 326
331 326
332 326
333 326
334 326
335 326
336 326
337 326
338 326
339 326
340 326
341 326
342 326
343 326
344 326
345 326
346 326
347 326
328 327
329 327
330 327
331 327
332 327
333 327
334 327
335 327
336 327
337 327
338 327
339 327
340 327
341 327
342 327
343 327
344 327
345 327
346 327
347 327
328 328
329 328
330 328
331 328
332 328
333 328
334 328
335 328
336 328
337 328
338 328
339 328
340 328
341 328
342 328
343 328
344 328
345 328
346 328
347 328
328 329
329 329
330 329
331 329
332 329
333 329
334 329
335 329
336 329
337 329
338 329
339 329
340 329
341 329
342 329
343 329
344 329
345 329
346 329
347 329
328 330
329 330
330 330
331 330
332 330
333 330
334 330
335 330
336 330
337 330
338 330
339 330
340 330
341 330
342 330
343 330
344 330
345 330
346 330
347 330
328 331
329 331
330 331
331 331
332 331
333 331
334 331
335 331
336 331
337 331
338 331
339 331
340 331
341 331
342 331
343 331
344 331
345 331
346 331
347 331
328 332
329 332
330 332
331 332
332 332
333 332
334 332
335 332
336 332
337 332
338 332
339 332
340 332
341 332
342 332
343 332
344 332
345 332
346 332
347 332
328 333
329 333
330 333
331 333
332 333
333 333
334 333
335 333
336 333
337 333
338 333
339 333
340 333
341 333
342 333
343 333
344 333
345 333
346 333
347 333
328 334
329 334
330 334
331 334
332 334
333 334
334 334
335 334
336 334
337 334
338 334
339 334
340 334
341 334
342 334
343 334
344 334
345 334
346 334
347 334
328 335
329 335
330 335
331 335
332 335
333 335
334 335
335 335
336 335
337 335
338 335
339 335
340 335
341 335
342 335
343 335
344 335
345 335
346 335
347 335
328 336
329 336
330 336
331 336
332 336
333 336
334 336
335 336
336 336
337 336
338 336
339 336
340 336
341 336
342 336
343 336
344 336
345 336
346 336
347 336
328 337
329 337
330 337
331 337
332 337
333 337
334 337
335 337
336 337
337 337
338 337
339 337
340 337
341 337
342 337
343 337
344 337
345 337
346 337
347 337
328 338
329 338
330 338
331 338
332 338
333 338
334 338
335 338
336 338
337 338
338 338
339 338
340 338
341 338
342 338
343 338
344 338
345 338
346 338
347 338
328 339
329 339
330 339
331 339
332 339
333 339
334 339
335 339
336 339
337 339
338 339
339 339
340 339
341 339
342 339
343 339
344 339
345 339
346 339
347 339
328 340
329 340
330 340
331 340
332 340
333 340
334 340
335 340
336 340
337 340
338 340
339 340
340 340
341 340
342 340
343 340
344 340
345 340
346 340
347 340
328 341
329 341
330 341
331 341
332 341
333 341
334 341
335 341
336 341
337 341
338 341
339 341
340 341
341 341
342 341
343 341
344 341
345 341
346 341
347 341
328 342
329 342
330 342
331 342
332 342
333 342
334 342
335 342
336 342
337 342
338 342
339 342
340 342
341 342
342 342
343 342
344 342
345 342
346 342
347 342
328 343
329 343
330 343
331 343
332 343
333 343
334 343
335 343
336 343
337 343
338 343
339 343
340 343
341 343
342 343
343 343
344 343
345 343
346 343
328 344
329 344
330 344
331 344
332 344
333 344
334 344
335 344
336 344
337 344
338 344
339 344
340 344
341 344
342 344
343 344
344 344
345 344
328 345
329 345
330 345
331 345
332 345
333 345
334 345
335 345
336 345
337 345
338 345
339 345
340 345
341 345
342 345
343 345
344 345
328 346
329 346
330 346
331 346
332 346
333 346
334 346
335 346
336 346
337 346
338 346
339 346
340 346
341 346
342 346
343 346
344 346
329 347
330 347
331 347
332 347
333 347
334 347
335 347
336 347
337 347
338 347
339 347
340 347
341 347
342 347
343 347
331 348
332 348
333 348
334 348
335 348
336 348
337 348
338 348
339 348
340 348
341 348
342 348
343 348
332 349
333 349
334 349
335 349
336 349
337 349
338 349
339 349
340 349
341 349
342 349
343 349
333 350
334 350
335 350
336 350
337 350
338 350
339 350
340 350
341 350
342 350
334 351
335 351
336 351
337 351
338 351
339 351
340 351
341 351
