257 148
258 148
259 148
260 148
261 148
262 148
263 148
264 148
265 148
256 149
257 149
258 149
259 149
260 149
261 149
262 149
263 149
264 149
265 149
266 149
256 150
257 150
258 150
259 150
260 150
261 150
262 150
263 150
264 150
265 150
266 150
267 150
255 151
256 151
257 151
258 151
259 151
260 151
261 151
262 151
263 151
264 151
265 151
266 151
267 151
253 152
254 152
255 152
256 152
257 152
258 152
259 152
260 152
261 152
262 152
263 152
264 152
265 152
266 152
267 152
252 153
253 153
254 153
255 153
256 153
257 153
258 153
259 153
260 153
261 153
262 153
263 153
264 153
265 153
266 153
267 153
252 154
253 154
254 154
255 154
256 154
257 154
258 154
259 154
260 154
261 154
262 154
263 154
264 154
265 154
266 154
267 154
268 154
252 155
253 155
254 155
255 155
256 155
257 155
258 155
259 155
260 155
261 155
262 155
263 155
264 155
265 155
266 155
267 155
268 155
252 156
253 156
254 156
255 156
256 156
257 156
258 156
259 156
260 156
261 156
262 156
263 156
264 156
265 156
266 156
267 156
268 156
269 156
252 157
253 157
254 157
255 157
256 157
257 157
258 157
259 157
260 157
261 157
262 157
263 157
264 157
265 157
266 157
267 157
268 157
269 157
270 157
252 158
253 158
254 158
255 158
256 158
257 158
258 158
259 158
260 158
261 158
262 158
263 158
264 158
265 158
266 158
267 158
268 158
269 158
270 158
271 158
252 159
253 159
254 159
255 159
256 159
257 159
258 159
259 159
260 159
261 159
262 159
263 159
264 159
265 159
266 159
267 159
268 159
269 159
270 159
271 159
252 160
253 160
254 160
255 160
256 160
257 160
258 160
259 160
260 160
261 160
262 160
263 160
264 160
265 160
266 160
267 160
268 160
269 160
270 160
271 160
252 161
253 161
254 161
255 161
256 161
257 161
258 161
259 161
260 161
261 161
262 161
263 161
264 161
265 161
266 161
267 161
268 161
269 161
270 161
271 161
252 162
253 162
254 162
255 162
256 162
257 162
258 162
259 162
260 162
261 162
262 162
263 162
264 162
265 162
266 162
267 162
268 162
269 162
270 162
271 162
252 163
253 163
254 163
255 163
256 163
257 163
258 163
259 163
260 163
261 163
262 163
263 163
264 163
265 163
266 163
267 163
268 163
269 163
270 163
271 163
252 164
253 164
254 164
255 164
256 164
257 164
258 164
259 164
260 164
261 164
262 164
263 164
264 164
265 164
266 164
267 164
268 164
269 164
270 164
271 164
252 165
253 165
254 165
255 165
256 165
257 165
258 165
259 165
260 165
261 165
262 165
263 165
264 165
265 165
266 165
267 165
268 165
269 165
270 165
271 165
252 166
253 166
254 166
255 166
256 166
257 166
258 166
259 166
260 166
261 166
262 166
263 166
264 166
265 166
266 166
267 166
268 166
269 166
270 166
271 166
252 167
253 167
254 167
255 167
256 167
257 167
258 167
259 167
260 167
261 167
262 167
263 167
264 167
265 167
266 167
267 167
268 167
269 167
270 167
271 167
252 168
253 168
254 168
255 168
256 168
257 168
258 168
259 168
260 168
261 168
262 168
263 168
264 168
265 168
266 168
267 168
268 168
269 168
270 168
271 168
252 169
253 169
254 169
255 169
256 169
257 169
258 169
259 169
260 169
261 169
262 169
263 169
264 169
265 169
266 169
267 169
268 169
269 169
270 169
271 169
252 170
253 170
254 170
255 170
256 170
257 170
258 170
259 170
260 170
261 170
262 170
263 170
264 170
265 170
266 170
267 170
268 170
269 170
270 170
271 170
252 171
253 171
254 171
255 171
256 171
257 171
258 171
259 171
260 171
261 171
262 171
263 171
264 171
265 171
266 171
267 171
268 171
269 171
270 171
271 171
252 172
253 172
254 172
255 172
256 172
257 172
258 172
259 172
260 172
261 172
262 172
263 172
264 172
265 172
266 172
267 172
268 172
269 172
270 172
271 172
252 173
253 173
254 173
255 173
256 173
257 173
258 173
259 173
260 173
261 173
262 173
263 173
264 173
265 173
266 173
267 173
268 173
269 173
270 173
271 173
252 174
253 174
254 174
255 174
256 174
257 174
258 174
259 174
260 174
261 174
262 174
263 174
264 174
265 174
266 174
267 174
268 174
269 174
270 174
271 174
252 175
253 175
254 175
255 175
256 175
257 175
258 175
259 175
260 175
261 175
262 175
263 175
264 175
265 175
266 175
267 175
268 175
269 175
270 175
271 175
252 176
253 176
254 176
255 176
256 176
257 176
258 176
259 176
260 176
261 176
262 176
263 176
264 176
265 176
266 176
267 176
268 176
269 176
270 176
271 176
252 177
253 177
254 177
255 177
256 177
257 177
258 177
259 177
260 177
261 177
262 177
263 177
264 177
265 177
266 177
267 177
268 177
269 177
270 177
271 177
252 178
253 178
254 178
255 178
256 178
257 178
258 178
259 178
260 178
261 178
262 178
263 178
264 178
265 178
266 178
267 178
268 178
269 178
270 178
252 179
253 179
254 179
255 179
256 179
257 179
258 179
259 179
260 179
261 179
262 179
263 179
264 179
265 179
266 179
267 179
268 179
269 179
270 179
252 180
253 180
254 180
255 180
256 180
257 180
258 180
259 180
260 180
261 180
262 180
263 180
264 180
265 180
266 180
267 180
268 180
252 181
253 181
254 181
255 181
256 181
257 181
258 181
259 181
260 181
261 181
262 181
263 181
264 181
265 181
266 181
267 181
252 182
253 182
254 182
255 182
256 182
257 182
258 182
259 182
260 182
261 182
262 182
263 182
264 182
265 182
266 182
253 183
254 183
255 183
256 183
257 183
258 183
259 183
260 183
261 183
262 183
263 183
264 183
265 183
255 184
256 184
257 184
258 184
259 184
260 184
261 184
262 184
263 184
255 185
256 185
257 185
258 185
259 185
260 185
261 185
262 185
256 186
257 186
258 186
259 186
260 186
261 186
257 187
258 187
259 187
