402 216
403 216
404 216
405 216
406 216
407 216
408 216
409 216
400 217
401 217
402 217
403 217
404 217
405 217
406 217
407 217
408 217
409 217
410 217
400 218
401 218
402 218
403 218
404 218
405 218
406 218
407 218
408 218
409 218
410 218
411 218
399 219
400 219
401 219
402 219
403 219
404 219
405 219
406 219
407 219
408 219
409 219
410 219
411 219
399 220
400 220
401 220
402 220
403 220
404 220
405 220
406 220
407 220
408 220
409 220
410 220
411 220
398 221
399 221
400 221
401 221
402 221
403 221
404 221
405 221
406 221
407 221
408 221
409 221
410 221
411 221
397 222
398 222
399 222
400 222
401 222
402 222
403 222
404 222
405 222
406 222
407 222
408 222
409 222
410 222
411 222
412 222
396 223
397 223
398 223
399 223
400 223
401 223
402 223
403 223
404 223
405 223
406 223
407 223
408 223
409 223
410 223
411 223
412 223
413 223
396 224
397 224
398 224
399 224
400 224
401 224
402 224
403 224
404 224
405 224
406 224
407 224
408 224
409 224
410 224
411 224
412 224
413 224
414 224
396 225
397 225
398 225
399 225
400 225
401 225
402 225
403 225
404 225
405 225
406 225
407 225
408 225
409 225
410 225
411 225
412 225
413 225
414 225
395 226
396 226
397 226
398 226
399 226
400 226
401 226
402 226
403 226
404 226
405 226
406 226
407 226
408 226
409 226
410 226
411 226
412 226
413 226
414 226
415 226
395 227
396 227
397 227
398 227
399 227
400 227
401 227
402 227
403 227
404 227
405 227
406 227
407 227
408 227
409 227
410 227
411 227
412 227
413 227
414 227
415 227
395 228
396 228
397 228
398 228
399 228
400 228
401 228
402 228
403 228
404 228
405 228
406 228
407 228
408 228
409 228
410 228
411 228
412 228
413 228
414 228
415 228
394 229
395 229
396 229
397 229
398 229
399 229
400 229
401 229
402 229
403 229
404 229
405 229
406 229
407 229
408 229
409 229
410 229
411 229
412 229
413 229
414 229
415 229
394 230
395 230
396 230
397 230
398 230
399 230
400 230
401 230
402 230
403 230
404 230
405 230
406 230
407 230
408 230
409 230
410 230
411 230
412 230
413 230
414 230
415 230
393 231
394 231
395 231
396 231
397 231
398 231
399 231
400 231
401 231
402 231
403 231
404 231
405 231
406 231
407 231
408 231
409 231
410 231
411 231
412 231
413 231
414 231
415 231
393 232
394 232
395 232
396 232
397 232
398 232
399 232
400 232
401 232
402 232
403 232
404 232
405 232
406 232
407 232
408 232
409 232
410 232
411 232
412 232
413 232
414 232
415 232
393 233
394 233
395 233
396 233
397 233
398 233
399 233
400 233
401 233
402 233
403 233
404 233
405 233
406 233
407 233
408 233
409 233
410 233
411 233
412 233
413 233
414 233
415 233
393 234
394 234
395 234
396 234
397 234
398 234
399 234
400 234
401 234
402 234
403 234
404 234
405 234
406 234
407 234
408 234
409 234
410 234
411 234
412 234
413 234
414 234
415 234
393 235
394 235
395 235
396 235
397 235
398 235
399 235
400 235
401 235
402 235
403 235
404 235
405 235
406 235
407 235
408 235
409 235
410 235
411 235
412 235
413 235
414 235
415 235
393 236
394 236
395 236
396 236
397 236
398 236
399 236
400 236
401 236
402 236
403 236
404 236
405 236
406 236
407 236
408 236
409 236
410 236
411 236
412 236
413 236
414 236
415 236
393 237
394 237
395 237
396 237
397 237
398 237
399 237
400 237
401 237
402 237
403 237
404 237
405 237
406 237
407 237
408 237
409 237
410 237
411 237
412 237
413 237
414 237
415 237
416 237
393 238
394 238
395 238
396 238
397 238
398 238
399 238
400 238
401 238
402 238
403 238
404 238
405 238
406 238
407 238
408 238
409 238
410 238
411 238
412 238
413 238
414 238
415 238
416 238
393 239
394 239
395 239
396 239
397 239
398 239
399 239
400 239
401 239
402 239
403 239
404 239
405 239
406 239
407 239
408 239
409 239
410 239
411 239
412 239
413 239
414 239
415 239
416 239
393 240
394 240
395 240
396 240
397 240
398 240
399 240
400 240
401 240
402 240
403 240
404 240
405 240
406 240
407 240
408 240
409 240
410 240
411 240
412 240
413 240
414 240
415 240
416 240
393 241
394 241
395 241
396 241
397 241
398 241
399 241
400 241
401 241
402 241
403 241
404 241
405 241
406 241
407 241
408 241
409 241
410 241
411 241
412 241
413 241
414 241
415 241
416 241
393 242
394 242
395 242
396 242
397 242
398 242
399 242
400 242
401 242
402 242
403 242
404 242
405 242
406 242
407 242
408 242
409 242
410 242
411 242
412 242
413 242
414 242
415 242
416 242
393 243
394 243
395 243
396 243
397 243
398 243
399 243
400 243
401 243
402 243
403 243
404 243
405 243
406 243
407 243
408 243
409 243
410 243
411 243
412 243
413 243
414 243
415 243
416 243
393 244
394 244
395 244
396 244
397 244
398 244
399 244
400 244
401 244
402 244
403 244
404 244
405 244
406 244
407 244
408 244
409 244
410 244
411 244
412 244
413 244
414 244
415 244
416 244
393 245
394 245
395 245
396 245
397 245
398 245
399 245
400 245
401 245
402 245
403 245
404 245
405 245
406 245
407 245
408 245
409 245
410 245
411 245
412 245
413 245
414 245
415 245
416 245
393 246
394 246
395 246
396 246
397 246
398 246
399 246
400 246
401 246
402 246
403 246
404 246
405 246
406 246
407 246
408 246
409 246
410 246
411 246
412 246
413 246
414 246
415 246
416 246
393 247
394 247
395 247
396 247
397 247
398 247
399 247
400 247
401 247
402 247
403 247
404 247
405 247
406 247
407 247
408 247
409 247
410 247
411 247
412 247
413 247
414 247
415 247
416 247
392 248
393 248
394 248
395 248
396 248
397 248
398 248
399 248
400 248
401 248
402 248
403 248
404 248
405 248
406 248
407 248
408 248
409 248
410 248
411 248
412 248
413 248
414 248
415 248
416 248
392 249
393 249
394 249
395 249
396 249
397 249
398 249
399 249
400 249
401 249
402 249
403 249
404 249
405 249
406 249
407 249
408 249
409 249
410 249
411 249
412 249
413 249
414 249
415 249
416 249
392 250
393 250
394 250
395 250
396 250
397 250
398 250
399 250
400 250
401 250
402 250
403 250
404 250
405 250
406 250
407 250
408 250
409 250
410 250
411 250
412 250
413 250
414 250
415 250
392 251
393 251
394 251
395 251
396 251
397 251
398 251
399 251
400 251
401 251
402 251
403 251
404 251
405 251
406 251
407 251
408 251
409 251
410 251
411 251
412 251
413 251
414 251
415 251
392 252
393 252
394 252
395 252
396 252
397 252
398 252
399 252
400 252
401 252
402 252
403 252
404 252
405 252
406 252
407 252
408 252
409 252
410 252
411 252
412 252
413 252
414 252
415 252
392 253
393 253
394 253
395 253
396 253
397 253
398 253
399 253
400 253
401 253
402 253
403 253
404 253
405 253
406 253
407 253
408 253
409 253
410 253
411 253
412 253
413 253
414 253
415 253
392 254
393 254
394 254
395 254
396 254
397 254
398 254
399 254
400 254
401 254
402 254
403 254
404 254
405 254
406 254
407 254
408 254
409 254
410 254
411 254
412 254
413 254
414 254
415 254
392 255
393 255
394 255
395 255
396 255
397 255
398 255
399 255
400 255
401 255
402 255
403 255
404 255
405 255
406 255
407 255
408 255
409 255
410 255
411 255
412 255
413 255
414 255
415 255
392 256
393 256
394 256
395 256
396 256
397 256
398 256
399 256
400 256
401 256
402 256
403 256
404 256
405 256
406 256
407 256
408 256
409 256
410 256
411 256
412 256
413 256
414 256
392 257
393 257
394 257
395 257
396 257
397 257
398 257
399 257
400 257
401 257
402 257
403 257
404 257
405 257
406 257
407 257
408 257
409 257
410 257
411 257
412 257
413 257
414 257
392 258
393 258
394 258
395 258
396 258
397 258
398 258
399 258
400 258
401 258
402 258
403 258
404 258
405 258
406 258
407 258
408 258
409 258
410 258
411 258
412 258
413 258
392 259
393 259
394 259
395 259
396 259
397 259
398 259
399 259
400 259
401 259
402 259
403 259
404 259
405 259
406 259
407 259
408 259
409 259
410 259
411 259
412 259
392 260
393 260
394 260
395 260
396 260
397 260
398 260
399 260
400 260
401 260
402 260
403 260
404 260
405 260
406 260
407 260
408 260
409 260
410 260
411 260
392 261
393 261
394 261
395 261
396 261
397 261
398 261
399 261
400 261
401 261
402 261
403 261
404 261
405 261
406 261
407 261
408 261
409 261
410 261
411 261
393 262
394 262
395 262
396 262
397 262
398 262
399 262
400 262
401 262
402 262
403 262
404 262
405 262
406 262
407 262
408 262
409 262
410 262
393 263
394 263
395 263
396 263
397 263
398 263
399 263
400 263
401 263
402 263
403 263
404 263
405 263
406 263
407 263
408 263
409 263
395 264
396 264
397 264
398 264
399 264
400 264
401 264
402 264
403 264
404 264
405 264
