302 248
303 248
304 248
305 248
306 248
307 248
308 248
309 248
310 248
311 248
312 248
313 248
314 248
301 249
302 249
303 249
304 249
305 249
306 249
307 249
308 249
309 249
310 249
311 249
312 249
313 249
314 249
315 249
300 250
301 250
302 250
303 250
304 250
305 250
306 250
307 250
308 250
309 250
310 250
311 250
312 250
313 250
314 250
315 250
300 251
301 251
302 251
303 251
304 251
305 251
306 251
307 251
308 251
309 251
310 251
311 251
312 251
313 251
314 251
315 251
300 252
301 252
302 252
303 252
304 252
305 252
306 252
307 252
308 252
309 252
310 252
311 252
312 252
313 252
314 252
315 252
300 253
301 253
302 253
303 253
304 253
305 253
306 253
307 253
308 253
309 253
310 253
311 253
312 253
313 253
314 253
315 253
316 253
300 254
301 254
302 254
303 254
304 254
305 254
306 254
307 254
308 254
309 254
310 254
311 254
312 254
313 254
314 254
315 254
316 254
300 255
301 255
302 255
303 255
304 255
305 255
306 255
307 255
308 255
309 255
310 255
311 255
312 255
313 255
314 255
315 255
316 255
317 255
300 256
301 256
302 256
303 256
304 256
305 256
306 256
307 256
308 256
309 256
310 256
311 256
312 256
313 256
314 256
315 256
316 256
317 256
318 256
300 257
301 257
302 257
303 257
304 257
305 257
306 257
307 257
308 257
309 257
310 257
311 257
312 257
313 257
314 257
315 257
316 257
317 257
318 257
319 257
300 258
301 258
302 258
303 258
304 258
305 258
306 258
307 258
308 258
309 258
310 258
311 258
312 258
313 258
314 258
315 258
316 258
317 258
318 258
319 258
300 259
301 259
302 259
303 259
304 259
305 259
306 259
307 259
308 259
309 259
310 259
311 259
312 259
313 259
314 259
315 259
316 259
317 259
318 259
319 259
300 260
301 260
302 260
303 260
304 260
305 260
306 260
307 260
308 260
309 260
310 260
311 260
312 260
313 260
314 260
315 260
316 260
317 260
318 260
319 260
300 261
301 261
302 261
303 261
304 261
305 261
306 261
307 261
308 261
309 261
310 261
311 261
312 261
313 261
314 261
315 261
316 261
317 261
318 261
319 261
300 262
301 262
302 262
303 262
304 262
305 262
306 262
307 262
308 262
309 262
310 262
311 262
312 262
313 262
314 262
315 262
316 262
317 262
318 262
319 262
320 262
300 263
301 263
302 263
303 263
304 263
305 263
306 263
307 263
308 263
309 263
310 263
311 263
312 263
313 263
314 263
315 263
316 263
317 263
318 263
319 263
320 263
300 264
301 264
302 264
303 264
304 264
305 264
306 264
307 264
308 264
309 264
310 264
311 264
312 264
313 264
314 264
315 264
316 264
317 264
318 264
319 264
320 264
321 264
300 265
301 265
302 265
303 265
304 265
305 265
306 265
307 265
308 265
309 265
310 265
311 265
312 265
313 265
314 265
315 265
316 265
317 265
318 265
319 265
320 265
321 265
322 265
300 266
301 266
302 266
303 266
304 266
305 266
306 266
307 266
308 266
309 266
310 266
311 266
312 266
313 266
314 266
315 266
316 266
317 266
318 266
319 266
320 266
321 266
322 266
301 267
302 267
303 267
304 267
305 267
306 267
307 267
308 267
309 267
310 267
311 267
312 267
313 267
314 267
315 267
316 267
317 267
318 267
319 267
320 267
321 267
322 267
301 268
302 268
303 268
304 268
305 268
306 268
307 268
308 268
309 268
310 268
311 268
312 268
313 268
314 268
315 268
316 268
317 268
318 268
319 268
320 268
321 268
322 268
302 269
303 269
304 269
305 269
306 269
307 269
308 269
309 269
310 269
311 269
312 269
313 269
314 269
315 269
316 269
317 269
318 269
319 269
320 269
321 269
322 269
303 270
304 270
305 270
306 270
307 270
308 270
309 270
310 270
311 270
312 270
313 270
314 270
315 270
316 270
317 270
318 270
319 270
320 270
321 270
322 270
303 271
304 271
305 271
306 271
307 271
308 271
309 271
310 271
311 271
312 271
313 271
314 271
315 271
316 271
317 271
318 271
319 271
320 271
321 271
304 272
305 272
306 272
307 272
308 272
309 272
310 272
311 272
312 272
313 272
314 272
315 272
316 272
317 272
318 272
319 272
320 272
321 272
304 273
305 273
306 273
307 273
308 273
309 273
310 273
311 273
312 273
313 273
314 273
315 273
316 273
317 273
318 273
319 273
320 273
304 274
305 274
306 274
307 274
308 274
309 274
310 274
311 274
312 274
313 274
314 274
315 274
316 274
317 274
318 274
319 274
320 274
305 275
306 275
307 275
308 275
309 275
310 275
311 275
312 275
313 275
314 275
315 275
316 275
317 275
318 275
319 275
308 276
309 276
310 276
311 276
312 276
313 276
314 276
315 276
316 276
317 276
318 276
319 276
309 277
310 277
311 277
312 277
313 277
314 277
315 277
316 277
317 277
318 277
319 277
311 278
312 278
313 278
314 278
315 278
316 278
317 278
318 278
319 278
313 279
314 279
315 279
316 279
317 279
318 279
