229 148
230 148
231 148
232 148
233 148
234 148
235 148
236 148
237 148
238 148
228 149
229 149
230 149
231 149
232 149
233 149
234 149
235 149
236 149
237 149
238 149
239 149
228 150
229 150
230 150
231 150
232 150
233 150
234 150
235 150
236 150
237 150
238 150
239 150
240 150
228 151
229 151
230 151
231 151
232 151
233 151
234 151
235 151
236 151
237 151
238 151
239 151
240 151
241 151
228 152
229 152
230 152
231 152
232 152
233 152
234 152
235 152
236 152
237 152
238 152
239 152
240 152
241 152
242 152
228 153
229 153
230 153
231 153
232 153
233 153
234 153
235 153
236 153
237 153
238 153
239 153
240 153
241 153
242 153
243 153
228 154
229 154
230 154
231 154
232 154
233 154
234 154
235 154
236 154
237 154
238 154
239 154
240 154
241 154
242 154
243 154
228 155
229 155
230 155
231 155
232 155
233 155
234 155
235 155
236 155
237 155
238 155
239 155
240 155
241 155
242 155
243 155
228 156
229 156
230 156
231 156
232 156
233 156
234 156
235 156
236 156
237 156
238 156
239 156
240 156
241 156
242 156
243 156
228 157
229 157
230 157
231 157
232 157
233 157
234 157
235 157
236 157
237 157
238 157
239 157
240 157
241 157
242 157
243 157
228 158
229 158
230 158
231 158
232 158
233 158
234 158
235 158
236 158
237 158
238 158
239 158
240 158
241 158
242 158
243 158
228 159
229 159
230 159
231 159
232 159
233 159
234 159
235 159
236 159
237 159
238 159
239 159
240 159
241 159
242 159
243 159
228 160
229 160
230 160
231 160
232 160
233 160
234 160
235 160
236 160
237 160
238 160
239 160
240 160
241 160
242 160
243 160
228 161
229 161
230 161
231 161
232 161
233 161
234 161
235 161
236 161
237 161
238 161
239 161
240 161
241 161
242 161
228 162
229 162
230 162
231 162
232 162
233 162
234 162
235 162
236 162
237 162
238 162
239 162
240 162
241 162
242 162
229 163
230 163
231 163
232 163
233 163
234 163
235 163
236 163
237 163
238 163
239 163
240 163
241 163
231 164
232 164
233 164
234 164
235 164
236 164
237 164
238 164
239 164
232 165
233 165
234 165
235 165
236 165
237 165
238 165
239 165
232 166
233 166
234 166
235 166
236 166
237 166
238 166
233 167
234 167
235 167
236 167
237 167
234 168
