254 184
255 184
256 184
257 184
258 184
259 184
260 184
261 184
262 184
263 184
264 184
265 184
266 184
267 184
268 184
269 184
270 184
271 184
272 184
273 184
274 184
275 184
276 184
253 185
254 185
255 185
256 185
257 185
258 185
259 185
260 185
261 185
262 185
263 185
264 185
265 185
266 185
267 185
268 185
269 185
270 185
271 185
272 185
273 185
274 185
275 185
276 185
277 185
278 185
252 186
253 186
254 186
255 186
256 186
257 186
258 186
259 186
260 186
261 186
262 186
263 186
264 186
265 186
266 186
267 186
268 186
269 186
270 186
271 186
272 186
273 186
274 186
275 186
276 186
277 186
278 186
279 186
252 187
253 187
254 187
255 187
256 187
257 187
258 187
259 187
260 187
261 187
262 187
263 187
264 187
265 187
266 187
267 187
268 187
269 187
270 187
271 187
272 187
273 187
274 187
275 187
276 187
277 187
278 187
279 187
252 188
253 188
254 188
255 188
256 188
257 188
258 188
259 188
260 188
261 188
262 188
263 188
264 188
265 188
266 188
267 188
268 188
269 188
270 188
271 188
272 188
273 188
274 188
275 188
276 188
277 188
278 188
279 188
280 188
252 189
253 189
254 189
255 189
256 189
257 189
258 189
259 189
260 189
261 189
262 189
263 189
264 189
265 189
266 189
267 189
268 189
269 189
270 189
271 189
272 189
273 189
274 189
275 189
276 189
277 189
278 189
279 189
280 189
281 189
252 190
253 190
254 190
255 190
256 190
257 190
258 190
259 190
260 190
261 190
262 190
263 190
264 190
265 190
266 190
267 190
268 190
269 190
270 190
271 190
272 190
273 190
274 190
275 190
276 190
277 190
278 190
279 190
280 190
281 190
282 190
252 191
253 191
254 191
255 191
256 191
257 191
258 191
259 191
260 191
261 191
262 191
263 191
264 191
265 191
266 191
267 191
268 191
269 191
270 191
271 191
272 191
273 191
274 191
275 191
276 191
277 191
278 191
279 191
280 191
281 191
282 191
252 192
253 192
254 192
255 192
256 192
257 192
258 192
259 192
260 192
261 192
262 192
263 192
264 192
265 192
266 192
267 192
268 192
269 192
270 192
271 192
272 192
273 192
274 192
275 192
276 192
277 192
278 192
279 192
280 192
281 192
282 192
283 192
253 193
254 193
255 193
256 193
257 193
258 193
259 193
260 193
261 193
262 193
263 193
264 193
265 193
266 193
267 193
268 193
269 193
270 193
271 193
272 193
273 193
274 193
275 193
276 193
277 193
278 193
279 193
280 193
281 193
282 193
283 193
253 194
254 194
255 194
256 194
257 194
258 194
259 194
260 194
261 194
262 194
263 194
264 194
265 194
266 194
267 194
268 194
269 194
270 194
271 194
272 194
273 194
274 194
275 194
276 194
277 194
278 194
279 194
280 194
281 194
282 194
283 194
284 194
254 195
255 195
256 195
257 195
258 195
259 195
260 195
261 195
262 195
263 195
264 195
265 195
266 195
267 195
268 195
269 195
270 195
271 195
272 195
273 195
274 195
275 195
276 195
277 195
278 195
279 195
280 195
281 195
282 195
283 195
284 195
255 196
256 196
257 196
258 196
259 196
260 196
261 196
262 196
263 196
264 196
265 196
266 196
267 196
268 196
269 196
270 196
271 196
272 196
273 196
274 196
275 196
276 196
277 196
278 196
279 196
280 196
281 196
282 196
283 196
284 196
256 197
257 197
258 197
259 197
260 197
261 197
262 197
263 197
264 197
265 197
266 197
267 197
268 197
269 197
270 197
271 197
272 197
273 197
274 197
275 197
276 197
277 197
278 197
279 197
280 197
281 197
282 197
283 197
284 197
285 197
256 198
257 198
258 198
259 198
260 198
261 198
262 198
263 198
264 198
265 198
266 198
267 198
268 198
269 198
270 198
271 198
272 198
273 198
274 198
275 198
276 198
277 198
278 198
279 198
280 198
281 198
282 198
283 198
284 198
285 198
257 199
258 199
259 199
260 199
261 199
262 199
263 199
264 199
265 199
266 199
267 199
268 199
269 199
270 199
271 199
272 199
273 199
274 199
275 199
276 199
277 199
278 199
279 199
280 199
281 199
282 199
283 199
284 199
285 199
258 200
259 200
260 200
261 200
262 200
263 200
264 200
265 200
266 200
267 200
268 200
269 200
270 200
271 200
272 200
273 200
274 200
275 200
276 200
277 200
278 200
279 200
280 200
281 200
282 200
283 200
284 200
285 200
259 201
260 201
261 201
262 201
263 201
264 201
265 201
266 201
267 201
268 201
269 201
270 201
271 201
272 201
273 201
274 201
275 201
276 201
277 201
278 201
279 201
280 201
281 201
282 201
283 201
284 201
285 201
260 202
261 202
262 202
263 202
264 202
265 202
266 202
267 202
268 202
269 202
270 202
271 202
272 202
273 202
274 202
275 202
276 202
277 202
278 202
279 202
280 202
281 202
282 202
283 202
284 202
285 202
261 203
262 203
263 203
264 203
265 203
266 203
267 203
268 203
269 203
270 203
271 203
272 203
273 203
274 203
275 203
276 203
277 203
278 203
279 203
280 203
281 203
282 203
283 203
284 203
262 204
263 204
264 204
265 204
266 204
267 204
268 204
269 204
270 204
271 204
272 204
273 204
274 204
275 204
276 204
277 204
278 204
279 204
280 204
281 204
282 204
283 204
284 204
263 205
264 205
265 205
266 205
267 205
268 205
269 205
270 205
271 205
272 205
273 205
274 205
275 205
276 205
277 205
278 205
279 205
280 205
281 205
282 205
283 205
284 205
263 206
264 206
265 206
266 206
267 206
268 206
269 206
270 206
271 206
272 206
273 206
274 206
275 206
276 206
277 206
278 206
279 206
280 206
281 206
282 206
283 206
264 207
265 207
266 207
267 207
268 207
269 207
270 207
271 207
272 207
273 207
274 207
275 207
276 207
277 207
278 207
279 207
280 207
281 207
282 207
283 207
264 208
265 208
266 208
267 208
268 208
269 208
270 208
271 208
272 208
273 208
274 208
275 208
276 208
277 208
278 208
279 208
280 208
281 208
282 208
283 208
264 209
265 209
266 209
267 209
268 209
269 209
270 209
271 209
272 209
273 209
274 209
275 209
276 209
277 209
278 209
279 209
280 209
281 209
282 209
283 209
265 210
266 210
267 210
268 210
269 210
270 210
271 210
272 210
273 210
274 210
275 210
276 210
277 210
278 210
279 210
280 210
281 210
282 210
265 211
266 211
267 211
268 211
269 211
270 211
271 211
272 211
273 211
274 211
275 211
276 211
277 211
278 211
279 211
280 211
281 211
267 212
268 212
269 212
270 212
271 212
272 212
273 212
274 212
275 212
276 212
277 212
278 212
279 212
280 212
275 213
276 213
277 213
278 213
