309 400
310 400
311 400
312 400
313 400
314 400
315 400
316 400
317 400
318 400
319 400
320 400
321 400
322 400
323 400
324 400
308 401
309 401
310 401
311 401
312 401
313 401
314 401
315 401
316 401
317 401
318 401
319 401
320 401
321 401
322 401
323 401
324 401
325 401
326 401
308 402
309 402
310 402
311 402
312 402
313 402
314 402
315 402
316 402
317 402
318 402
319 402
320 402
321 402
322 402
323 402
324 402
325 402
326 402
327 402
308 403
309 403
310 403
311 403
312 403
313 403
314 403
315 403
316 403
317 403
318 403
319 403
320 403
321 403
322 403
323 403
324 403
325 403
326 403
327 403
308 404
309 404
310 404
311 404
312 404
313 404
314 404
315 404
316 404
317 404
318 404
319 404
320 404
321 404
322 404
323 404
324 404
325 404
326 404
327 404
308 405
309 405
310 405
311 405
312 405
313 405
314 405
315 405
316 405
317 405
318 405
319 405
320 405
321 405
322 405
323 405
324 405
325 405
326 405
327 405
328 405
308 406
309 406
310 406
311 406
312 406
313 406
314 406
315 406
316 406
317 406
318 406
319 406
320 406
321 406
322 406
323 406
324 406
325 406
326 406
327 406
328 406
329 406
308 407
309 407
310 407
311 407
312 407
313 407
314 407
315 407
316 407
317 407
318 407
319 407
320 407
321 407
322 407
323 407
324 407
325 407
326 407
327 407
328 407
329 407
330 407
308 408
309 408
310 408
311 408
312 408
313 408
314 408
315 408
316 408
317 408
318 408
319 408
320 408
321 408
322 408
323 408
324 408
325 408
326 408
327 408
328 408
329 408
330 408
308 409
309 409
310 409
311 409
312 409
313 409
314 409
315 409
316 409
317 409
318 409
319 409
320 409
321 409
322 409
323 409
324 409
325 409
326 409
327 409
328 409
329 409
330 409
331 409
308 410
309 410
310 410
311 410
312 410
313 410
314 410
315 410
316 410
317 410
318 410
319 410
320 410
321 410
322 410
323 410
324 410
325 410
326 410
327 410
328 410
329 410
330 410
331 410
308 411
309 411
310 411
311 411
312 411
313 411
314 411
315 411
316 411
317 411
318 411
319 411
320 411
321 411
322 411
323 411
324 411
325 411
326 411
327 411
328 411
329 411
330 411
331 411
332 411
308 412
309 412
310 412
311 412
312 412
313 412
314 412
315 412
316 412
317 412
318 412
319 412
320 412
321 412
322 412
323 412
324 412
325 412
326 412
327 412
328 412
329 412
330 412
331 412
332 412
308 413
309 413
310 413
311 413
312 413
313 413
314 413
315 413
316 413
317 413
318 413
319 413
320 413
321 413
322 413
323 413
324 413
325 413
326 413
327 413
328 413
329 413
330 413
331 413
332 413
333 413
308 414
309 414
310 414
311 414
312 414
313 414
314 414
315 414
316 414
317 414
318 414
319 414
320 414
321 414
322 414
323 414
324 414
325 414
326 414
327 414
328 414
329 414
330 414
331 414
332 414
333 414
334 414
308 415
309 415
310 415
311 415
312 415
313 415
314 415
315 415
316 415
317 415
318 415
319 415
320 415
321 415
322 415
323 415
324 415
325 415
326 415
327 415
328 415
329 415
330 415
331 415
332 415
333 415
334 415
308 416
309 416
310 416
311 416
312 416
313 416
314 416
315 416
316 416
317 416
318 416
319 416
320 416
321 416
322 416
323 416
324 416
325 416
326 416
327 416
328 416
329 416
330 416
331 416
332 416
333 416
334 416
335 416
308 417
309 417
310 417
311 417
312 417
313 417
314 417
315 417
316 417
317 417
318 417
319 417
320 417
321 417
322 417
323 417
324 417
325 417
326 417
327 417
328 417
329 417
330 417
331 417
332 417
333 417
334 417
335 417
308 418
309 418
310 418
311 418
312 418
313 418
314 418
315 418
316 418
317 418
318 418
319 418
320 418
321 418
322 418
323 418
324 418
325 418
326 418
327 418
328 418
329 418
330 418
331 418
332 418
333 418
334 418
335 418
308 419
309 419
310 419
311 419
312 419
313 419
314 419
315 419
316 419
317 419
318 419
319 419
320 419
321 419
322 419
323 419
324 419
325 419
326 419
327 419
328 419
329 419
330 419
331 419
332 419
333 419
334 419
335 419
308 420
309 420
310 420
311 420
312 420
313 420
314 420
315 420
316 420
317 420
318 420
319 420
320 420
321 420
322 420
323 420
324 420
325 420
326 420
327 420
328 420
329 420
330 420
331 420
332 420
333 420
334 420
335 420
308 421
309 421
310 421
311 421
312 421
313 421
314 421
315 421
316 421
317 421
318 421
319 421
320 421
321 421
322 421
323 421
324 421
325 421
326 421
327 421
328 421
329 421
330 421
331 421
332 421
333 421
334 421
335 421
308 422
309 422
310 422
311 422
312 422
313 422
314 422
315 422
316 422
317 422
318 422
319 422
320 422
321 422
322 422
323 422
324 422
325 422
326 422
327 422
328 422
329 422
330 422
331 422
332 422
333 422
334 422
335 422
308 423
309 423
310 423
311 423
312 423
313 423
314 423
315 423
316 423
317 423
318 423
319 423
320 423
321 423
322 423
323 423
324 423
325 423
326 423
327 423
328 423
329 423
330 423
331 423
332 423
333 423
334 423
335 423
308 424
309 424
310 424
311 424
312 424
313 424
314 424
315 424
316 424
317 424
318 424
319 424
320 424
321 424
322 424
323 424
324 424
325 424
326 424
327 424
328 424
329 424
330 424
331 424
332 424
333 424
334 424
335 424
308 425
309 425
310 425
311 425
312 425
313 425
314 425
315 425
316 425
317 425
318 425
319 425
320 425
321 425
322 425
323 425
324 425
325 425
326 425
327 425
328 425
329 425
330 425
331 425
332 425
333 425
334 425
335 425
336 425
308 426
309 426
310 426
311 426
312 426
313 426
314 426
315 426
316 426
317 426
318 426
319 426
320 426
321 426
322 426
323 426
324 426
325 426
326 426
327 426
328 426
329 426
330 426
331 426
332 426
333 426
334 426
335 426
336 426
308 427
309 427
310 427
311 427
312 427
313 427
314 427
315 427
316 427
317 427
318 427
319 427
320 427
321 427
322 427
323 427
324 427
325 427
326 427
327 427
328 427
329 427
330 427
331 427
332 427
333 427
334 427
335 427
336 427
308 428
309 428
310 428
311 428
312 428
313 428
314 428
315 428
316 428
317 428
318 428
319 428
320 428
321 428
322 428
323 428
324 428
325 428
326 428
327 428
328 428
329 428
330 428
331 428
332 428
333 428
334 428
335 428
336 428
308 429
309 429
310 429
311 429
312 429
313 429
314 429
315 429
316 429
317 429
318 429
319 429
320 429
321 429
322 429
323 429
324 429
325 429
326 429
327 429
328 429
329 429
330 429
331 429
332 429
333 429
334 429
335 429
336 429
337 429
308 430
309 430
310 430
311 430
312 430
313 430
314 430
315 430
316 430
317 430
318 430
319 430
320 430
321 430
322 430
323 430
324 430
325 430
326 430
327 430
328 430
329 430
330 430
331 430
332 430
333 430
334 430
335 430
336 430
337 430
309 431
310 431
311 431
312 431
313 431
314 431
315 431
316 431
317 431
318 431
319 431
320 431
321 431
322 431
323 431
324 431
325 431
326 431
327 431
328 431
329 431
330 431
331 431
332 431
333 431
334 431
335 431
336 431
337 431
309 432
310 432
311 432
312 432
313 432
314 432
315 432
316 432
317 432
318 432
319 432
320 432
321 432
322 432
323 432
324 432
325 432
326 432
327 432
328 432
329 432
330 432
331 432
332 432
333 432
334 432
335 432
336 432
310 433
311 433
312 433
313 433
314 433
315 433
316 433
317 433
318 433
319 433
320 433
321 433
322 433
323 433
324 433
325 433
326 433
327 433
328 433
329 433
330 433
331 433
332 433
333 433
334 433
335 433
336 433
311 434
312 434
313 434
314 434
315 434
316 434
317 434
318 434
319 434
320 434
321 434
322 434
323 434
324 434
325 434
326 434
327 434
328 434
329 434
330 434
331 434
332 434
333 434
334 434
335 434
336 434
311 435
312 435
313 435
314 435
315 435
316 435
317 435
318 435
319 435
320 435
321 435
322 435
323 435
324 435
325 435
326 435
327 435
328 435
329 435
330 435
331 435
332 435
333 435
334 435
335 435
336 435
312 436
313 436
314 436
315 436
316 436
317 436
318 436
319 436
320 436
321 436
322 436
323 436
324 436
325 436
326 436
327 436
328 436
329 436
330 436
331 436
332 436
333 436
334 436
335 436
336 436
312 437
313 437
314 437
315 437
316 437
317 437
318 437
319 437
320 437
321 437
322 437
323 437
324 437
325 437
326 437
327 437
328 437
329 437
330 437
331 437
332 437
333 437
334 437
335 437
312 438
313 438
314 438
315 438
316 438
317 438
318 438
319 438
320 438
321 438
322 438
323 438
324 438
325 438
326 438
327 438
328 438
329 438
330 438
331 438
332 438
333 438
334 438
335 438
313 439
314 439
315 439
316 439
317 439
318 439
319 439
320 439
321 439
322 439
323 439
324 439
325 439
326 439
327 439
328 439
329 439
330 439
331 439
332 439
333 439
334 439
335 439
315 440
316 440
317 440
318 440
319 440
320 440
321 440
322 440
323 440
324 440
325 440
326 440
327 440
328 440
329 440
330 440
331 440
332 440
333 440
334 440
335 440
316 441
317 441
318 441
319 441
320 441
321 441
322 441
323 441
324 441
325 441
326 441
327 441
328 441
329 441
330 441
331 441
332 441
333 441
334 441
335 441
316 442
317 442
318 442
319 442
320 442
321 442
322 442
323 442
324 442
325 442
326 442
327 442
328 442
329 442
330 442
331 442
332 442
333 442
334 442
335 442
317 443
318 443
319 443
320 443
321 443
322 443
323 443
324 443
325 443
326 443
327 443
328 443
329 443
330 443
331 443
332 443
333 443
334 443
319 444
320 444
321 444
322 444
323 444
324 444
325 444
326 444
327 444
328 444
329 444
330 444
331 444
332 444
333 444
320 445
321 445
322 445
323 445
324 445
325 445
326 445
327 445
328 445
329 445
330 445
331 445
332 445
321 446
322 446
323 446
324 446
325 446
326 446
327 446
328 446
329 446
330 446
331 446
324 447
325 447
326 447
327 447
328 447
329 447
330 447
