357 132
358 132
359 132
355 133
356 133
357 133
358 133
359 133
360 133
361 133
354 134
355 134
356 134
357 134
358 134
359 134
360 134
361 134
362 134
353 135
354 135
355 135
356 135
357 135
358 135
359 135
360 135
361 135
362 135
353 136
354 136
355 136
356 136
357 136
358 136
359 136
360 136
361 136
362 136
363 136
352 137
353 137
354 137
355 137
356 137
357 137
358 137
359 137
360 137
361 137
362 137
363 137
352 138
353 138
354 138
355 138
356 138
357 138
358 138
359 138
360 138
361 138
362 138
363 138
352 139
353 139
354 139
355 139
356 139
357 139
358 139
359 139
360 139
361 139
362 139
363 139
352 140
353 140
354 140
355 140
356 140
357 140
358 140
359 140
360 140
361 140
362 140
363 140
352 141
353 141
354 141
355 141
356 141
357 141
358 141
359 141
360 141
361 141
362 141
363 141
352 142
353 142
354 142
355 142
356 142
357 142
358 142
359 142
360 142
361 142
362 142
363 142
364 142
352 143
353 143
354 143
355 143
356 143
357 143
358 143
359 143
360 143
361 143
362 143
363 143
364 143
365 143
352 144
353 144
354 144
355 144
356 144
357 144
358 144
359 144
360 144
361 144
362 144
363 144
364 144
365 144
366 144
352 145
353 145
354 145
355 145
356 145
357 145
358 145
359 145
360 145
361 145
362 145
363 145
364 145
365 145
366 145
352 146
353 146
354 146
355 146
356 146
357 146
358 146
359 146
360 146
361 146
362 146
363 146
364 146
365 146
366 146
367 146
352 147
353 147
354 147
355 147
356 147
357 147
358 147
359 147
360 147
361 147
362 147
363 147
364 147
365 147
366 147
367 147
352 148
353 148
354 148
355 148
356 148
357 148
358 148
359 148
360 148
361 148
362 148
363 148
364 148
365 148
366 148
367 148
352 149
353 149
354 149
355 149
356 149
357 149
358 149
359 149
360 149
361 149
362 149
363 149
364 149
365 149
366 149
367 149
352 150
353 150
354 150
355 150
356 150
357 150
358 150
359 150
360 150
361 150
362 150
363 150
364 150
365 150
366 150
367 150
352 151
353 151
354 151
355 151
356 151
357 151
358 151
359 151
360 151
361 151
362 151
363 151
364 151
365 151
366 151
367 151
352 152
353 152
354 152
355 152
356 152
357 152
358 152
359 152
360 152
361 152
362 152
363 152
364 152
365 152
366 152
367 152
352 153
353 153
354 153
355 153
356 153
357 153
358 153
359 153
360 153
361 153
362 153
363 153
364 153
365 153
366 153
367 153
352 154
353 154
354 154
355 154
356 154
357 154
358 154
359 154
360 154
361 154
362 154
363 154
364 154
365 154
366 154
367 154
352 155
353 155
354 155
355 155
356 155
357 155
358 155
359 155
360 155
361 155
362 155
363 155
364 155
365 155
366 155
367 155
352 156
353 156
354 156
355 156
356 156
357 156
358 156
359 156
360 156
361 156
362 156
363 156
364 156
365 156
366 156
367 156
352 157
353 157
354 157
355 157
356 157
357 157
358 157
359 157
360 157
361 157
362 157
363 157
364 157
365 157
366 157
367 157
352 158
353 158
354 158
355 158
356 158
357 158
358 158
359 158
360 158
361 158
362 158
363 158
364 158
365 158
366 158
367 158
352 159
353 159
354 159
355 159
356 159
357 159
358 159
359 159
360 159
361 159
362 159
363 159
364 159
365 159
366 159
367 159
352 160
353 160
354 160
355 160
356 160
357 160
358 160
359 160
360 160
361 160
362 160
363 160
364 160
365 160
366 160
367 160
352 161
353 161
354 161
355 161
356 161
357 161
358 161
359 161
360 161
361 161
362 161
363 161
364 161
365 161
366 161
367 161
352 162
353 162
354 162
355 162
356 162
357 162
358 162
359 162
360 162
361 162
362 162
363 162
364 162
365 162
366 162
367 162
352 163
353 163
354 163
355 163
356 163
357 163
358 163
359 163
360 163
361 163
362 163
363 163
364 163
365 163
366 163
352 164
353 164
354 164
355 164
356 164
357 164
358 164
359 164
360 164
361 164
362 164
363 164
364 164
352 165
353 165
354 165
355 165
356 165
357 165
358 165
359 165
360 165
361 165
362 165
363 165
352 166
353 166
354 166
355 166
356 166
357 166
358 166
359 166
360 166
361 166
362 166
363 166
352 167
353 167
354 167
355 167
356 167
357 167
358 167
359 167
360 167
361 167
362 167
352 168
353 168
354 168
355 168
356 168
357 168
358 168
359 168
360 168
352 169
353 169
354 169
355 169
356 169
357 169
358 169
359 169
352 170
353 170
354 170
355 170
356 170
357 170
358 170
353 171
354 171
355 171
356 171
357 171
