333 152
334 152
335 152
336 152
337 152
338 152
339 152
332 153
333 153
334 153
335 153
336 153
337 153
338 153
339 153
340 153
341 153
332 154
333 154
334 154
335 154
336 154
337 154
338 154
339 154
340 154
341 154
342 154
332 155
333 155
334 155
335 155
336 155
337 155
338 155
339 155
340 155
341 155
342 155
343 155
332 156
333 156
334 156
335 156
336 156
337 156
338 156
339 156
340 156
341 156
342 156
343 156
332 157
333 157
334 157
335 157
336 157
337 157
338 157
339 157
340 157
341 157
342 157
343 157
344 157
332 158
333 158
334 158
335 158
336 158
337 158
338 158
339 158
340 158
341 158
342 158
343 158
344 158
332 159
333 159
334 159
335 159
336 159
337 159
338 159
339 159
340 159
341 159
342 159
343 159
344 159
345 159
332 160
333 160
334 160
335 160
336 160
337 160
338 160
339 160
340 160
341 160
342 160
343 160
344 160
345 160
346 160
332 161
333 161
334 161
335 161
336 161
337 161
338 161
339 161
340 161
341 161
342 161
343 161
344 161
345 161
346 161
347 161
332 162
333 162
334 162
335 162
336 162
337 162
338 162
339 162
340 162
341 162
342 162
343 162
344 162
345 162
346 162
347 162
332 163
333 163
334 163
335 163
336 163
337 163
338 163
339 163
340 163
341 163
342 163
343 163
344 163
345 163
346 163
347 163
332 164
333 164
334 164
335 164
336 164
337 164
338 164
339 164
340 164
341 164
342 164
343 164
344 164
345 164
346 164
347 164
332 165
333 165
334 165
335 165
336 165
337 165
338 165
339 165
340 165
341 165
342 165
343 165
344 165
345 165
346 165
347 165
332 166
333 166
334 166
335 166
336 166
337 166
338 166
339 166
340 166
341 166
342 166
343 166
344 166
345 166
346 166
347 166
348 166
332 167
333 167
334 167
335 167
336 167
337 167
338 167
339 167
340 167
341 167
342 167
343 167
344 167
345 167
346 167
347 167
348 167
332 168
333 168
334 168
335 168
336 168
337 168
338 168
339 168
340 168
341 168
342 168
343 168
344 168
345 168
346 168
347 168
348 168
349 168
332 169
333 169
334 169
335 169
336 169
337 169
338 169
339 169
340 169
341 169
342 169
343 169
344 169
345 169
346 169
347 169
348 169
349 169
332 170
333 170
334 170
335 170
336 170
337 170
338 170
339 170
340 170
341 170
342 170
343 170
344 170
345 170
346 170
347 170
348 170
349 170
350 170
332 171
333 171
334 171
335 171
336 171
337 171
338 171
339 171
340 171
341 171
342 171
343 171
344 171
345 171
346 171
347 171
348 171
349 171
350 171
332 172
333 172
334 172
335 172
336 172
337 172
338 172
339 172
340 172
341 172
342 172
343 172
344 172
345 172
346 172
347 172
348 172
349 172
350 172
332 173
333 173
334 173
335 173
336 173
337 173
338 173
339 173
340 173
341 173
342 173
343 173
344 173
345 173
346 173
347 173
348 173
349 173
350 173
351 173
332 174
333 174
334 174
335 174
336 174
337 174
338 174
339 174
340 174
341 174
342 174
343 174
344 174
345 174
346 174
347 174
348 174
349 174
350 174
351 174
332 175
333 175
334 175
335 175
336 175
337 175
338 175
339 175
340 175
341 175
342 175
343 175
344 175
345 175
346 175
347 175
348 175
349 175
350 175
351 175
332 176
333 176
334 176
335 176
336 176
337 176
338 176
339 176
340 176
341 176
342 176
343 176
344 176
345 176
346 176
347 176
348 176
349 176
350 176
351 176
332 177
333 177
334 177
335 177
336 177
337 177
338 177
339 177
340 177
341 177
342 177
343 177
344 177
345 177
346 177
347 177
348 177
349 177
350 177
351 177
332 178
333 178
334 178
335 178
336 178
337 178
338 178
339 178
340 178
341 178
342 178
343 178
344 178
345 178
346 178
347 178
348 178
349 178
350 178
351 178
332 179
333 179
334 179
335 179
336 179
337 179
338 179
339 179
340 179
341 179
342 179
343 179
344 179
345 179
346 179
347 179
348 179
349 179
350 179
351 179
332 180
333 180
334 180
335 180
336 180
337 180
338 180
339 180
340 180
341 180
342 180
343 180
344 180
345 180
346 180
347 180
348 180
349 180
350 180
351 180
332 181
333 181
334 181
335 181
336 181
337 181
338 181
339 181
340 181
341 181
342 181
343 181
344 181
345 181
346 181
347 181
348 181
349 181
350 181
351 181
332 182
333 182
334 182
335 182
336 182
337 182
338 182
339 182
340 182
341 182
342 182
343 182
344 182
345 182
346 182
347 182
348 182
349 182
350 182
351 182
332 183
333 183
334 183
335 183
336 183
337 183
338 183
339 183
340 183
341 183
342 183
343 183
344 183
345 183
346 183
347 183
348 183
349 183
350 183
351 183
332 184
333 184
334 184
335 184
336 184
337 184
338 184
339 184
340 184
341 184
342 184
343 184
344 184
345 184
346 184
347 184
348 184
349 184
350 184
351 184
332 185
333 185
334 185
335 185
336 185
337 185
338 185
339 185
340 185
341 185
342 185
343 185
344 185
345 185
346 185
347 185
348 185
349 185
350 185
332 186
333 186
334 186
335 186
336 186
337 186
338 186
339 186
340 186
341 186
342 186
343 186
344 186
345 186
346 186
347 186
348 186
349 186
350 186
332 187
333 187
334 187
335 187
336 187
337 187
338 187
339 187
340 187
341 187
342 187
343 187
344 187
345 187
346 187
347 187
348 187
349 187
350 187
332 188
333 188
334 188
335 188
336 188
337 188
338 188
339 188
340 188
341 188
342 188
343 188
344 188
345 188
346 188
347 188
348 188
349 188
350 188
332 189
333 189
334 189
335 189
336 189
337 189
338 189
339 189
340 189
341 189
342 189
343 189
344 189
345 189
346 189
347 189
348 189
349 189
350 189
332 190
333 190
334 190
335 190
336 190
337 190
338 190
339 190
340 190
341 190
342 190
343 190
344 190
345 190
346 190
347 190
348 190
349 190
350 190
332 191
333 191
334 191
335 191
336 191
337 191
338 191
339 191
340 191
341 191
342 191
343 191
344 191
345 191
346 191
347 191
348 191
349 191
350 191
332 192
333 192
334 192
335 192
336 192
337 192
338 192
339 192
340 192
341 192
342 192
343 192
344 192
345 192
346 192
347 192
348 192
349 192
350 192
332 193
333 193
334 193
335 193
336 193
337 193
338 193
339 193
340 193
341 193
342 193
343 193
344 193
345 193
346 193
347 193
348 193
349 193
350 193
332 194
333 194
334 194
335 194
336 194
337 194
338 194
339 194
340 194
341 194
342 194
343 194
344 194
345 194
346 194
347 194
348 194
349 194
350 194
332 195
333 195
334 195
335 195
336 195
337 195
338 195
339 195
340 195
341 195
342 195
343 195
344 195
345 195
346 195
347 195
348 195
349 195
350 195
332 196
333 196
334 196
335 196
336 196
337 196
338 196
339 196
340 196
341 196
342 196
343 196
344 196
345 196
346 196
347 196
348 196
349 196
350 196
332 197
333 197
334 197
335 197
336 197
337 197
338 197
339 197
340 197
341 197
342 197
343 197
344 197
345 197
346 197
347 197
348 197
349 197
350 197
332 198
333 198
334 198
335 198
336 198
337 198
338 198
339 198
340 198
341 198
342 198
343 198
344 198
345 198
346 198
347 198
348 198
349 198
350 198
332 199
333 199
334 199
335 199
336 199
337 199
338 199
339 199
340 199
341 199
342 199
343 199
344 199
345 199
346 199
347 199
348 199
349 199
350 199
332 200
333 200
334 200
335 200
336 200
337 200
338 200
339 200
340 200
341 200
342 200
343 200
344 200
345 200
346 200
347 200
348 200
349 200
350 200
332 201
333 201
334 201
335 201
336 201
337 201
338 201
339 201
340 201
341 201
342 201
343 201
344 201
345 201
346 201
347 201
348 201
349 201
350 201
332 202
333 202
334 202
335 202
336 202
337 202
338 202
339 202
340 202
341 202
342 202
343 202
344 202
345 202
346 202
347 202
348 202
349 202
350 202
332 203
333 203
334 203
335 203
336 203
337 203
338 203
339 203
340 203
341 203
342 203
343 203
344 203
345 203
346 203
347 203
348 203
349 203
350 203
332 204
333 204
334 204
335 204
336 204
337 204
338 204
339 204
340 204
341 204
342 204
343 204
344 204
345 204
346 204
347 204
348 204
349 204
350 204
332 205
333 205
334 205
335 205
336 205
337 205
338 205
339 205
340 205
341 205
342 205
343 205
344 205
345 205
346 205
347 205
348 205
349 205
350 205
332 206
333 206
334 206
335 206
336 206
337 206
338 206
339 206
340 206
341 206
342 206
343 206
344 206
345 206
346 206
347 206
348 206
349 206
350 206
332 207
333 207
334 207
335 207
336 207
337 207
338 207
339 207
340 207
341 207
342 207
343 207
344 207
345 207
346 207
347 207
348 207
349 207
350 207
332 208
333 208
334 208
335 208
336 208
337 208
338 208
339 208
340 208
341 208
342 208
343 208
344 208
345 208
346 208
347 208
348 208
349 208
350 208
332 209
333 209
334 209
335 209
336 209
337 209
338 209
339 209
340 209
341 209
342 209
343 209
344 209
345 209
346 209
347 209
348 209
349 209
350 209
332 210
333 210
334 210
335 210
336 210
337 210
338 210
339 210
340 210
341 210
342 210
343 210
344 210
345 210
346 210
347 210
348 210
349 210
350 210
333 211
334 211
335 211
336 211
337 211
338 211
339 211
340 211
341 211
342 211
343 211
344 211
345 211
346 211
347 211
348 211
349 211
334 212
335 212
336 212
337 212
338 212
339 212
340 212
341 212
342 212
343 212
344 212
345 212
346 212
347 212
348 212
335 213
336 213
337 213
338 213
339 213
340 213
341 213
342 213
343 213
344 213
345 213
346 213
347 213
336 214
337 214
338 214
339 214
340 214
341 214
342 214
343 214
344 214
345 214
346 214
337 215
338 215
339 215
340 215
341 215
342 215
343 215
344 215
345 215
340 216
341 216
342 216
343 216
