338 200
339 200
340 200
341 200
342 200
343 200
344 200
345 200
346 200
336 201
337 201
338 201
339 201
340 201
341 201
342 201
343 201
344 201
345 201
346 201
347 201
348 201
335 202
336 202
337 202
338 202
339 202
340 202
341 202
342 202
343 202
344 202
345 202
346 202
347 202
348 202
349 202
334 203
335 203
336 203
337 203
338 203
339 203
340 203
341 203
342 203
343 203
344 203
345 203
346 203
347 203
348 203
349 203
350 203
333 204
334 204
335 204
336 204
337 204
338 204
339 204
340 204
341 204
342 204
343 204
344 204
345 204
346 204
347 204
348 204
349 204
350 204
351 204
332 205
333 205
334 205
335 205
336 205
337 205
338 205
339 205
340 205
341 205
342 205
343 205
344 205
345 205
346 205
347 205
348 205
349 205
350 205
351 205
352 205
331 206
332 206
333 206
334 206
335 206
336 206
337 206
338 206
339 206
340 206
341 206
342 206
343 206
344 206
345 206
346 206
347 206
348 206
349 206
350 206
351 206
352 206
353 206
329 207
330 207
331 207
332 207
333 207
334 207
335 207
336 207
337 207
338 207
339 207
340 207
341 207
342 207
343 207
344 207
345 207
346 207
347 207
348 207
349 207
350 207
351 207
352 207
353 207
354 207
328 208
329 208
330 208
331 208
332 208
333 208
334 208
335 208
336 208
337 208
338 208
339 208
340 208
341 208
342 208
343 208
344 208
345 208
346 208
347 208
348 208
349 208
350 208
351 208
352 208
353 208
354 208
327 209
328 209
329 209
330 209
331 209
332 209
333 209
334 209
335 209
336 209
337 209
338 209
339 209
340 209
341 209
342 209
343 209
344 209
345 209
346 209
347 209
348 209
349 209
350 209
351 209
352 209
353 209
354 209
355 209
326 210
327 210
328 210
329 210
330 210
331 210
332 210
333 210
334 210
335 210
336 210
337 210
338 210
339 210
340 210
341 210
342 210
343 210
344 210
345 210
346 210
347 210
348 210
349 210
350 210
351 210
352 210
353 210
354 210
355 210
325 211
326 211
327 211
328 211
329 211
330 211
331 211
332 211
333 211
334 211
335 211
336 211
337 211
338 211
339 211
340 211
341 211
342 211
343 211
344 211
345 211
346 211
347 211
348 211
349 211
350 211
351 211
352 211
353 211
354 211
355 211
325 212
326 212
327 212
328 212
329 212
330 212
331 212
332 212
333 212
334 212
335 212
336 212
337 212
338 212
339 212
340 212
341 212
342 212
343 212
344 212
345 212
346 212
347 212
348 212
349 212
350 212
351 212
352 212
353 212
354 212
355 212
325 213
326 213
327 213
328 213
329 213
330 213
331 213
332 213
333 213
334 213
335 213
336 213
337 213
338 213
339 213
340 213
341 213
342 213
343 213
344 213
345 213
346 213
347 213
348 213
349 213
350 213
351 213
352 213
353 213
354 213
355 213
324 214
325 214
326 214
327 214
328 214
329 214
330 214
331 214
332 214
333 214
334 214
335 214
336 214
337 214
338 214
339 214
340 214
341 214
342 214
343 214
344 214
345 214
346 214
347 214
348 214
349 214
350 214
351 214
352 214
353 214
354 214
355 214
324 215
325 215
326 215
327 215
328 215
329 215
330 215
331 215
332 215
333 215
334 215
335 215
336 215
337 215
338 215
339 215
340 215
341 215
342 215
343 215
344 215
345 215
346 215
347 215
348 215
349 215
350 215
351 215
352 215
353 215
354 215
355 215
324 216
325 216
326 216
327 216
328 216
329 216
330 216
331 216
332 216
333 216
334 216
335 216
336 216
337 216
338 216
339 216
340 216
341 216
342 216
343 216
344 216
345 216
346 216
347 216
348 216
349 216
350 216
351 216
352 216
353 216
354 216
355 216
324 217
325 217
326 217
327 217
328 217
329 217
330 217
331 217
332 217
333 217
334 217
335 217
336 217
337 217
338 217
339 217
340 217
341 217
342 217
343 217
344 217
345 217
346 217
347 217
348 217
349 217
350 217
351 217
352 217
353 217
354 217
355 217
324 218
325 218
326 218
327 218
328 218
329 218
330 218
331 218
332 218
333 218
334 218
335 218
336 218
337 218
338 218
339 218
340 218
341 218
342 218
343 218
344 218
345 218
346 218
347 218
348 218
349 218
350 218
351 218
352 218
353 218
354 218
355 218
324 219
325 219
326 219
327 219
328 219
329 219
330 219
331 219
332 219
333 219
334 219
335 219
336 219
337 219
338 219
339 219
340 219
341 219
342 219
343 219
344 219
345 219
346 219
347 219
348 219
349 219
350 219
351 219
352 219
353 219
354 219
355 219
324 220
325 220
326 220
327 220
328 220
329 220
330 220
331 220
332 220
333 220
334 220
335 220
336 220
337 220
338 220
339 220
340 220
341 220
342 220
343 220
344 220
345 220
346 220
347 220
348 220
349 220
350 220
351 220
352 220
353 220
354 220
355 220
324 221
325 221
326 221
327 221
328 221
329 221
330 221
331 221
332 221
333 221
334 221
335 221
336 221
337 221
338 221
339 221
340 221
341 221
342 221
343 221
344 221
345 221
346 221
347 221
348 221
349 221
350 221
351 221
352 221
353 221
354 221
355 221
324 222
325 222
326 222
327 222
328 222
329 222
330 222
331 222
332 222
333 222
334 222
335 222
336 222
337 222
338 222
339 222
340 222
341 222
342 222
343 222
344 222
345 222
346 222
347 222
348 222
349 222
350 222
351 222
352 222
353 222
354 222
355 222
324 223
325 223
326 223
327 223
328 223
329 223
330 223
331 223
332 223
333 223
334 223
335 223
336 223
337 223
338 223
339 223
340 223
341 223
342 223
343 223
344 223
345 223
346 223
347 223
348 223
349 223
350 223
351 223
352 223
353 223
354 223
324 224
325 224
326 224
327 224
328 224
329 224
330 224
331 224
332 224
333 224
334 224
335 224
336 224
337 224
338 224
339 224
340 224
341 224
342 224
343 224
344 224
345 224
346 224
347 224
348 224
349 224
350 224
351 224
352 224
353 224
324 225
325 225
326 225
327 225
328 225
329 225
330 225
331 225
332 225
333 225
334 225
335 225
336 225
337 225
338 225
339 225
340 225
341 225
342 225
343 225
344 225
345 225
346 225
347 225
348 225
349 225
350 225
351 225
352 225
353 225
325 226
326 226
327 226
328 226
329 226
330 226
331 226
332 226
333 226
334 226
335 226
336 226
337 226
338 226
339 226
340 226
341 226
342 226
343 226
344 226
345 226
346 226
347 226
348 226
349 226
350 226
351 226
352 226
325 227
326 227
327 227
328 227
329 227
330 227
331 227
332 227
333 227
334 227
335 227
336 227
337 227
338 227
339 227
340 227
341 227
342 227
343 227
344 227
345 227
346 227
347 227
348 227
349 227
350 227
351 227
352 227
326 228
327 228
328 228
329 228
330 228
331 228
332 228
333 228
334 228
335 228
336 228
337 228
338 228
339 228
340 228
341 228
342 228
343 228
344 228
345 228
346 228
347 228
348 228
349 228
350 228
351 228
327 229
328 229
329 229
330 229
331 229
332 229
333 229
334 229
335 229
336 229
337 229
338 229
339 229
340 229
341 229
342 229
343 229
344 229
345 229
346 229
347 229
348 229
349 229
350 229
351 229
328 230
329 230
330 230
331 230
332 230
333 230
334 230
335 230
336 230
337 230
338 230
339 230
340 230
341 230
342 230
343 230
344 230
345 230
346 230
347 230
348 230
349 230
350 230
351 230
329 231
330 231
331 231
332 231
333 231
334 231
335 231
336 231
337 231
338 231
339 231
340 231
341 231
342 231
343 231
344 231
345 231
346 231
347 231
348 231
349 231
350 231
351 231
330 232
331 232
332 232
333 232
334 232
335 232
336 232
337 232
338 232
339 232
340 232
341 232
342 232
343 232
344 232
345 232
346 232
347 232
348 232
349 232
350 232
351 232
331 233
332 233
333 233
334 233
335 233
336 233
337 233
338 233
339 233
340 233
341 233
342 233
343 233
344 233
345 233
346 233
347 233
348 233
349 233
350 233
351 233
332 234
333 234
334 234
335 234
336 234
337 234
338 234
339 234
340 234
341 234
342 234
343 234
344 234
345 234
346 234
347 234
348 234
349 234
350 234
332 235
333 235
334 235
335 235
336 235
337 235
338 235
339 235
340 235
341 235
342 235
343 235
344 235
345 235
346 235
347 235
348 235
349 235
350 235
333 236
334 236
335 236
336 236
337 236
338 236
339 236
340 236
341 236
342 236
343 236
344 236
345 236
346 236
347 236
348 236
349 236
350 236
334 237
335 237
336 237
337 237
338 237
339 237
340 237
341 237
342 237
343 237
344 237
345 237
346 237
347 237
348 237
349 237
350 237
335 238
336 238
337 238
338 238
339 238
340 238
341 238
342 238
343 238
344 238
345 238
346 238
347 238
348 238
349 238
350 238
335 239
336 239
337 239
338 239
339 239
340 239
341 239
342 239
343 239
344 239
345 239
346 239
347 239
348 239
349 239
350 239
336 240
337 240
338 240
339 240
340 240
341 240
342 240
343 240
344 240
345 240
346 240
347 240
348 240
349 240
350 240
336 241
337 241
338 241
339 241
340 241
341 241
342 241
343 241
344 241
345 241
346 241
347 241
348 241
349 241
350 241
337 242
338 242
339 242
340 242
341 242
342 242
343 242
344 242
345 242
346 242
347 242
348 242
349 242
325 243
326 243
337 243
338 243
339 243
340 243
341 243
342 243
343 243
344 243
345 243
346 243
347 243
348 243
325 244
326 244
338 244
339 244
340 244
341 244
342 244
343 244
344 244
345 244
346 244
347 244
348 244
325 245
326 245
327 245
339 245
340 245
341 245
342 245
343 245
344 245
345 245
346 245
347 245
324 246
325 246
326 246
327 246
340 246
341 246
342 246
343 246
344 246
345 246
346 246
347 246
324 247
325 247
326 247
327 247
341 247
342 247
343 247
344 247
345 247
346 247
324 248
325 248
326 248
327 248
342 248
324 249
325 249
326 249
327 249
324 250
325 250
326 250
327 250
325 251
326 251
