377 244
378 244
379 244
380 244
381 244
382 244
376 245
377 245
378 245
379 245
380 245
381 245
382 245
383 245
376 246
377 246
378 246
379 246
380 246
381 246
382 246
383 246
376 247
377 247
378 247
379 247
380 247
381 247
382 247
383 247
376 248
377 248
378 248
379 248
380 248
381 248
382 248
383 248
384 248
376 249
377 249
378 249
379 249
380 249
381 249
382 249
383 249
384 249
376 250
377 250
378 250
379 250
380 250
381 250
382 250
383 250
384 250
376 251
377 251
378 251
379 251
380 251
381 251
382 251
383 251
384 251
376 252
377 252
378 252
379 252
380 252
381 252
382 252
383 252
384 252
376 253
377 253
378 253
379 253
380 253
381 253
382 253
383 253
384 253
377 254
378 254
379 254
380 254
381 254
382 254
383 254
377 255
378 255
379 255
380 255
381 255
382 255
383 255
378 256
379 256
380 256
381 256
382 256
383 256
379 257
380 257
381 257
382 257
383 257
380 258
381 258
382 258
383 258
381 259
382 259
