362 392
363 392
364 392
365 392
366 392
367 392
368 392
369 392
370 392
371 392
361 393
362 393
363 393
364 393
365 393
366 393
367 393
368 393
369 393
370 393
371 393
372 393
373 393
361 394
362 394
363 394
364 394
365 394
366 394
367 394
368 394
369 394
370 394
371 394
372 394
373 394
374 394
361 395
362 395
363 395
364 395
365 395
366 395
367 395
368 395
369 395
370 395
371 395
372 395
373 395
374 395
375 395
361 396
362 396
363 396
364 396
365 396
366 396
367 396
368 396
369 396
370 396
371 396
372 396
373 396
374 396
375 396
361 397
362 397
363 397
364 397
365 397
366 397
367 397
368 397
369 397
370 397
371 397
372 397
373 397
374 397
375 397
376 397
361 398
362 398
363 398
364 398
365 398
366 398
367 398
368 398
369 398
370 398
371 398
372 398
373 398
374 398
375 398
376 398
377 398
361 399
362 399
363 399
364 399
365 399
366 399
367 399
368 399
369 399
370 399
371 399
372 399
373 399
374 399
375 399
376 399
377 399
378 399
360 400
361 400
362 400
363 400
364 400
365 400
366 400
367 400
368 400
369 400
370 400
371 400
372 400
373 400
374 400
375 400
376 400
377 400
378 400
379 400
360 401
361 401
362 401
363 401
364 401
365 401
366 401
367 401
368 401
369 401
370 401
371 401
372 401
373 401
374 401
375 401
376 401
377 401
378 401
379 401
360 402
361 402
362 402
363 402
364 402
365 402
366 402
367 402
368 402
369 402
370 402
371 402
372 402
373 402
374 402
375 402
376 402
377 402
378 402
379 402
360 403
361 403
362 403
363 403
364 403
365 403
366 403
367 403
368 403
369 403
370 403
371 403
372 403
373 403
374 403
375 403
376 403
377 403
378 403
379 403
380 403
360 404
361 404
362 404
363 404
364 404
365 404
366 404
367 404
368 404
369 404
370 404
371 404
372 404
373 404
374 404
375 404
376 404
377 404
378 404
379 404
380 404
360 405
361 405
362 405
363 405
364 405
365 405
366 405
367 405
368 405
369 405
370 405
371 405
372 405
373 405
374 405
375 405
376 405
377 405
378 405
379 405
380 405
381 405
360 406
361 406
362 406
363 406
364 406
365 406
366 406
367 406
368 406
369 406
370 406
371 406
372 406
373 406
374 406
375 406
376 406
377 406
378 406
379 406
380 406
381 406
382 406
359 407
360 407
361 407
362 407
363 407
364 407
365 407
366 407
367 407
368 407
369 407
370 407
371 407
372 407
373 407
374 407
375 407
376 407
377 407
378 407
379 407
380 407
381 407
382 407
358 408
359 408
360 408
361 408
362 408
363 408
364 408
365 408
366 408
367 408
368 408
369 408
370 408
371 408
372 408
373 408
374 408
375 408
376 408
377 408
378 408
379 408
380 408
381 408
382 408
383 408
357 409
358 409
359 409
360 409
361 409
362 409
363 409
364 409
365 409
366 409
367 409
368 409
369 409
370 409
371 409
372 409
373 409
374 409
375 409
376 409
377 409
378 409
379 409
380 409
381 409
382 409
383 409
356 410
357 410
358 410
359 410
360 410
361 410
362 410
363 410
364 410
365 410
366 410
367 410
368 410
369 410
370 410
371 410
372 410
373 410
374 410
375 410
376 410
377 410
378 410
379 410
380 410
381 410
382 410
383 410
356 411
357 411
358 411
359 411
360 411
361 411
362 411
363 411
364 411
365 411
366 411
367 411
368 411
369 411
370 411
371 411
372 411
373 411
374 411
375 411
376 411
377 411
378 411
379 411
380 411
381 411
382 411
383 411
356 412
357 412
358 412
359 412
360 412
361 412
362 412
363 412
364 412
365 412
366 412
367 412
368 412
369 412
370 412
371 412
372 412
373 412
374 412
375 412
376 412
377 412
378 412
379 412
380 412
381 412
382 412
383 412
356 413
357 413
358 413
359 413
360 413
361 413
362 413
363 413
364 413
365 413
366 413
367 413
368 413
369 413
370 413
371 413
372 413
373 413
374 413
375 413
376 413
377 413
378 413
379 413
380 413
381 413
382 413
383 413
356 414
357 414
358 414
359 414
360 414
361 414
362 414
363 414
364 414
365 414
366 414
367 414
368 414
369 414
370 414
371 414
372 414
373 414
374 414
375 414
376 414
377 414
378 414
379 414
380 414
381 414
382 414
383 414
356 415
357 415
358 415
359 415
360 415
361 415
362 415
363 415
364 415
365 415
366 415
367 415
368 415
369 415
370 415
371 415
372 415
373 415
374 415
375 415
376 415
377 415
378 415
379 415
380 415
381 415
382 415
383 415
384 415
356 416
357 416
358 416
359 416
360 416
361 416
362 416
363 416
364 416
365 416
366 416
367 416
368 416
369 416
370 416
371 416
372 416
373 416
374 416
375 416
376 416
377 416
378 416
379 416
380 416
381 416
382 416
383 416
384 416
356 417
357 417
358 417
359 417
360 417
361 417
362 417
363 417
364 417
365 417
366 417
367 417
368 417
369 417
370 417
371 417
372 417
373 417
374 417
375 417
376 417
377 417
378 417
379 417
380 417
381 417
382 417
383 417
384 417
356 418
357 418
358 418
359 418
360 418
361 418
362 418
363 418
364 418
365 418
366 418
367 418
368 418
369 418
370 418
371 418
372 418
373 418
374 418
375 418
376 418
377 418
378 418
379 418
380 418
381 418
382 418
383 418
384 418
385 418
356 419
357 419
358 419
359 419
360 419
361 419
362 419
363 419
364 419
365 419
366 419
367 419
368 419
369 419
370 419
371 419
372 419
373 419
374 419
375 419
376 419
377 419
378 419
379 419
380 419
381 419
382 419
383 419
384 419
385 419
356 420
357 420
358 420
359 420
360 420
361 420
362 420
363 420
364 420
365 420
366 420
367 420
368 420
369 420
370 420
371 420
372 420
373 420
374 420
375 420
376 420
377 420
378 420
379 420
380 420
381 420
382 420
383 420
384 420
385 420
356 421
357 421
358 421
359 421
360 421
361 421
362 421
363 421
364 421
365 421
366 421
367 421
368 421
369 421
370 421
371 421
372 421
373 421
374 421
375 421
376 421
377 421
378 421
379 421
380 421
381 421
382 421
383 421
384 421
385 421
356 422
357 422
358 422
359 422
360 422
361 422
362 422
363 422
364 422
365 422
366 422
367 422
368 422
369 422
370 422
371 422
372 422
373 422
374 422
375 422
376 422
377 422
378 422
379 422
380 422
381 422
382 422
383 422
384 422
385 422
386 422
356 423
357 423
358 423
359 423
360 423
361 423
362 423
363 423
364 423
365 423
366 423
367 423
368 423
369 423
370 423
371 423
372 423
373 423
374 423
375 423
376 423
377 423
378 423
379 423
380 423
381 423
382 423
383 423
384 423
385 423
386 423
356 424
357 424
358 424
359 424
360 424
361 424
362 424
363 424
364 424
365 424
366 424
367 424
368 424
369 424
370 424
371 424
372 424
373 424
374 424
375 424
376 424
377 424
378 424
379 424
380 424
381 424
382 424
383 424
384 424
385 424
386 424
356 425
357 425
358 425
359 425
360 425
361 425
362 425
363 425
364 425
365 425
366 425
367 425
368 425
369 425
370 425
371 425
372 425
373 425
374 425
375 425
376 425
377 425
378 425
379 425
380 425
381 425
382 425
383 425
384 425
385 425
386 425
356 426
357 426
358 426
359 426
360 426
361 426
362 426
363 426
364 426
365 426
366 426
367 426
368 426
369 426
370 426
371 426
372 426
373 426
374 426
375 426
376 426
377 426
378 426
379 426
380 426
381 426
382 426
383 426
384 426
385 426
386 426
356 427
357 427
358 427
359 427
360 427
361 427
362 427
363 427
364 427
365 427
366 427
367 427
368 427
369 427
370 427
371 427
372 427
373 427
374 427
375 427
376 427
377 427
378 427
379 427
380 427
381 427
382 427
383 427
384 427
385 427
356 428
357 428
358 428
359 428
360 428
361 428
362 428
363 428
364 428
365 428
366 428
367 428
368 428
369 428
370 428
371 428
372 428
373 428
374 428
375 428
376 428
377 428
378 428
379 428
380 428
381 428
382 428
383 428
384 428
385 428
356 429
357 429
358 429
359 429
360 429
361 429
362 429
363 429
364 429
365 429
366 429
367 429
368 429
369 429
370 429
371 429
372 429
373 429
374 429
375 429
376 429
377 429
378 429
379 429
380 429
381 429
382 429
383 429
384 429
385 429
356 430
357 430
358 430
359 430
360 430
361 430
362 430
363 430
364 430
365 430
366 430
367 430
368 430
369 430
370 430
371 430
372 430
373 430
374 430
375 430
376 430
377 430
378 430
379 430
380 430
381 430
382 430
383 430
384 430
385 430
356 431
357 431
358 431
359 431
360 431
361 431
362 431
363 431
364 431
365 431
366 431
367 431
368 431
369 431
370 431
371 431
372 431
373 431
374 431
375 431
376 431
377 431
378 431
379 431
380 431
381 431
382 431
383 431
384 431
385 431
356 432
357 432
358 432
359 432
360 432
361 432
362 432
363 432
364 432
365 432
366 432
367 432
368 432
369 432
370 432
371 432
372 432
373 432
374 432
375 432
376 432
377 432
378 432
379 432
380 432
381 432
382 432
383 432
384 432
356 433
357 433
358 433
359 433
360 433
361 433
362 433
363 433
364 433
365 433
366 433
367 433
368 433
369 433
370 433
371 433
372 433
373 433
374 433
375 433
376 433
377 433
378 433
379 433
380 433
381 433
382 433
383 433
384 433
356 434
357 434
358 434
359 434
360 434
361 434
362 434
363 434
364 434
365 434
366 434
367 434
368 434
369 434
370 434
371 434
372 434
373 434
374 434
375 434
376 434
377 434
378 434
379 434
380 434
381 434
382 434
383 434
384 434
356 435
357 435
358 435
359 435
360 435
361 435
362 435
363 435
364 435
365 435
366 435
367 435
368 435
369 435
370 435
371 435
372 435
373 435
374 435
375 435
376 435
377 435
378 435
379 435
380 435
381 435
382 435
383 435
384 435
356 436
357 436
358 436
359 436
360 436
361 436
362 436
363 436
364 436
365 436
366 436
367 436
368 436
369 436
370 436
371 436
372 436
373 436
374 436
375 436
376 436
377 436
378 436
379 436
380 436
381 436
382 436
383 436
384 436
356 437
357 437
358 437
359 437
360 437
361 437
362 437
363 437
364 437
365 437
366 437
367 437
368 437
369 437
370 437
371 437
372 437
373 437
374 437
375 437
376 437
377 437
378 437
379 437
380 437
381 437
382 437
383 437
356 438
357 438
358 438
359 438
360 438
361 438
362 438
363 438
364 438
365 438
366 438
367 438
368 438
369 438
370 438
371 438
372 438
373 438
374 438
375 438
376 438
377 438
378 438
379 438
380 438
381 438
382 438
383 438
356 439
357 439
358 439
359 439
360 439
361 439
362 439
363 439
364 439
365 439
366 439
367 439
368 439
369 439
370 439
371 439
372 439
373 439
374 439
375 439
376 439
377 439
378 439
379 439
380 439
381 439
382 439
383 439
356 440
357 440
358 440
359 440
360 440
361 440
362 440
363 440
364 440
365 440
366 440
367 440
368 440
369 440
370 440
371 440
372 440
373 440
374 440
375 440
376 440
377 440
378 440
379 440
380 440
381 440
382 440
383 440
356 441
357 441
358 441
359 441
360 441
361 441
362 441
363 441
364 441
365 441
366 441
367 441
368 441
369 441
370 441
371 441
372 441
373 441
374 441
375 441
376 441
377 441
378 441
379 441
380 441
381 441
382 441
383 441
357 442
358 442
359 442
360 442
361 442
362 442
363 442
364 442
365 442
366 442
367 442
368 442
369 442
370 442
371 442
372 442
373 442
374 442
375 442
376 442
377 442
378 442
379 442
380 442
381 442
382 442
383 442
357 443
358 443
359 443
360 443
361 443
362 443
363 443
364 443
365 443
366 443
367 443
368 443
369 443
370 443
371 443
372 443
373 443
374 443
375 443
376 443
377 443
378 443
379 443
380 443
381 443
382 443
383 443
359 444
360 444
361 444
362 444
363 444
364 444
365 444
366 444
367 444
368 444
369 444
370 444
371 444
372 444
373 444
374 444
375 444
376 444
377 444
378 444
379 444
380 444
381 444
382 444
359 445
360 445
361 445
362 445
363 445
364 445
365 445
366 445
367 445
368 445
369 445
370 445
371 445
372 445
373 445
374 445
375 445
376 445
377 445
378 445
379 445
380 445
381 445
382 445
360 446
361 446
362 446
363 446
364 446
365 446
366 446
367 446
368 446
369 446
370 446
371 446
372 446
373 446
374 446
375 446
376 446
377 446
378 446
379 446
380 446
381 446
361 447
362 447
363 447
364 447
365 447
366 447
367 447
368 447
369 447
370 447
371 447
372 447
373 447
374 447
375 447
376 447
377 447
378 447
379 447
380 447
361 448
362 448
363 448
364 448
365 448
366 448
367 448
368 448
369 448
370 448
371 448
372 448
373 448
374 448
375 448
376 448
377 448
378 448
379 448
363 449
364 449
365 449
366 449
367 449
368 449
369 449
370 449
371 449
372 449
373 449
374 449
375 449
376 449
377 449
378 449
379 449
364 450
365 450
366 450
367 450
368 450
369 450
370 450
371 450
372 450
373 450
374 450
375 450
376 450
377 450
378 450
365 451
366 451
367 451
368 451
369 451
370 451
371 451
372 451
373 451
374 451
375 451
376 451
377 451
378 451
368 452
369 452
370 452
371 452
372 452
373 452
374 452
375 452
376 452
