313 236
314 236
315 236
316 236
317 236
318 236
319 236
320 236
321 236
322 236
312 237
313 237
314 237
315 237
316 237
317 237
318 237
319 237
320 237
321 237
322 237
323 237
311 238
312 238
313 238
314 238
315 238
316 238
317 238
318 238
319 238
320 238
321 238
322 238
323 238
309 239
310 239
311 239
312 239
313 239
314 239
315 239
316 239
317 239
318 239
319 239
320 239
321 239
322 239
323 239
324 239
308 240
309 240
310 240
311 240
312 240
313 240
314 240
315 240
316 240
317 240
318 240
319 240
320 240
321 240
322 240
323 240
324 240
308 241
309 241
310 241
311 241
312 241
313 241
314 241
315 241
316 241
317 241
318 241
319 241
320 241
321 241
322 241
323 241
324 241
307 242
308 242
309 242
310 242
311 242
312 242
313 242
314 242
315 242
316 242
317 242
318 242
319 242
320 242
321 242
322 242
323 242
324 242
325 242
306 243
307 243
308 243
309 243
310 243
311 243
312 243
313 243
314 243
315 243
316 243
317 243
318 243
319 243
320 243
321 243
322 243
323 243
324 243
325 243
326 243
305 244
306 244
307 244
308 244
309 244
310 244
311 244
312 244
313 244
314 244
315 244
316 244
317 244
318 244
319 244
320 244
321 244
322 244
323 244
324 244
325 244
326 244
304 245
305 245
306 245
307 245
308 245
309 245
310 245
311 245
312 245
313 245
314 245
315 245
316 245
317 245
318 245
319 245
320 245
321 245
322 245
323 245
324 245
325 245
326 245
304 246
305 246
306 246
307 246
308 246
309 246
310 246
311 246
312 246
313 246
314 246
315 246
316 246
317 246
318 246
319 246
320 246
321 246
322 246
323 246
324 246
325 246
326 246
327 246
303 247
304 247
305 247
306 247
307 247
308 247
309 247
310 247
311 247
312 247
313 247
314 247
315 247
316 247
317 247
318 247
319 247
320 247
321 247
322 247
323 247
324 247
325 247
326 247
327 247
302 248
303 248
304 248
305 248
306 248
307 248
308 248
309 248
310 248
311 248
312 248
313 248
314 248
315 248
316 248
317 248
318 248
319 248
320 248
321 248
322 248
323 248
324 248
325 248
326 248
327 248
301 249
302 249
303 249
304 249
305 249
306 249
307 249
308 249
309 249
310 249
311 249
312 249
313 249
314 249
315 249
316 249
317 249
318 249
319 249
320 249
321 249
322 249
323 249
324 249
325 249
326 249
327 249
300 250
301 250
302 250
303 250
304 250
305 250
306 250
307 250
308 250
309 250
310 250
311 250
312 250
313 250
314 250
315 250
316 250
317 250
318 250
319 250
320 250
321 250
322 250
323 250
324 250
325 250
326 250
327 250
300 251
301 251
302 251
303 251
304 251
305 251
306 251
307 251
308 251
309 251
310 251
311 251
312 251
313 251
314 251
315 251
316 251
317 251
318 251
319 251
320 251
321 251
322 251
323 251
324 251
325 251
326 251
327 251
300 252
301 252
302 252
303 252
304 252
305 252
306 252
307 252
308 252
309 252
310 252
311 252
312 252
313 252
314 252
315 252
316 252
317 252
318 252
319 252
320 252
321 252
322 252
323 252
324 252
325 252
326 252
327 252
300 253
301 253
302 253
303 253
304 253
305 253
306 253
307 253
308 253
309 253
310 253
311 253
312 253
313 253
314 253
315 253
316 253
317 253
318 253
319 253
320 253
321 253
322 253
323 253
324 253
325 253
326 253
327 253
300 254
301 254
302 254
303 254
304 254
305 254
306 254
307 254
308 254
309 254
310 254
311 254
312 254
313 254
314 254
315 254
316 254
317 254
318 254
319 254
320 254
321 254
322 254
323 254
324 254
325 254
326 254
327 254
300 255
301 255
302 255
303 255
304 255
305 255
306 255
307 255
308 255
309 255
310 255
311 255
312 255
313 255
314 255
315 255
316 255
317 255
318 255
319 255
320 255
321 255
322 255
323 255
324 255
325 255
326 255
327 255
300 256
301 256
302 256
303 256
304 256
305 256
306 256
307 256
308 256
309 256
310 256
311 256
312 256
313 256
314 256
315 256
316 256
317 256
318 256
319 256
320 256
321 256
322 256
323 256
324 256
325 256
326 256
327 256
300 257
301 257
302 257
303 257
304 257
305 257
306 257
307 257
308 257
309 257
310 257
311 257
312 257
313 257
314 257
315 257
316 257
317 257
318 257
319 257
320 257
321 257
322 257
323 257
324 257
325 257
326 257
327 257
300 258
301 258
302 258
303 258
304 258
305 258
306 258
307 258
308 258
309 258
310 258
311 258
312 258
313 258
314 258
315 258
316 258
317 258
318 258
319 258
320 258
321 258
322 258
323 258
324 258
325 258
326 258
327 258
300 259
301 259
302 259
303 259
304 259
305 259
306 259
307 259
308 259
309 259
310 259
311 259
312 259
313 259
314 259
315 259
316 259
317 259
318 259
319 259
320 259
321 259
322 259
323 259
324 259
325 259
326 259
327 259
300 260
301 260
302 260
303 260
304 260
305 260
306 260
307 260
308 260
309 260
310 260
311 260
312 260
313 260
314 260
315 260
316 260
317 260
318 260
319 260
320 260
321 260
322 260
323 260
324 260
325 260
326 260
327 260
300 261
301 261
302 261
303 261
304 261
305 261
306 261
307 261
308 261
309 261
310 261
311 261
312 261
313 261
314 261
315 261
316 261
317 261
318 261
319 261
320 261
321 261
322 261
323 261
324 261
325 261
326 261
327 261
300 262
301 262
302 262
303 262
304 262
305 262
306 262
307 262
308 262
309 262
310 262
311 262
312 262
313 262
314 262
315 262
316 262
317 262
318 262
319 262
320 262
321 262
322 262
323 262
324 262
325 262
326 262
327 262
300 263
301 263
302 263
303 263
304 263
305 263
306 263
307 263
308 263
309 263
310 263
311 263
312 263
313 263
314 263
315 263
316 263
317 263
318 263
319 263
320 263
321 263
322 263
323 263
324 263
325 263
326 263
327 263
300 264
301 264
302 264
303 264
304 264
305 264
306 264
307 264
308 264
309 264
310 264
311 264
312 264
313 264
314 264
315 264
316 264
317 264
318 264
319 264
320 264
321 264
322 264
323 264
324 264
325 264
326 264
327 264
300 265
301 265
302 265
303 265
304 265
305 265
306 265
307 265
308 265
309 265
310 265
311 265
312 265
313 265
314 265
315 265
316 265
317 265
318 265
319 265
320 265
321 265
322 265
323 265
324 265
325 265
326 265
327 265
300 266
301 266
302 266
303 266
304 266
305 266
306 266
307 266
308 266
309 266
310 266
311 266
312 266
313 266
314 266
315 266
316 266
317 266
318 266
319 266
320 266
321 266
322 266
323 266
324 266
325 266
326 266
327 266
300 267
301 267
302 267
303 267
304 267
305 267
306 267
307 267
308 267
309 267
310 267
311 267
312 267
313 267
314 267
315 267
316 267
317 267
318 267
319 267
320 267
321 267
322 267
323 267
324 267
325 267
326 267
327 267
300 268
301 268
302 268
303 268
304 268
305 268
306 268
307 268
308 268
309 268
310 268
311 268
312 268
313 268
314 268
315 268
316 268
317 268
318 268
319 268
320 268
321 268
322 268
323 268
324 268
325 268
326 268
300 269
301 269
302 269
303 269
304 269
305 269
306 269
307 269
308 269
309 269
310 269
311 269
312 269
313 269
314 269
315 269
316 269
317 269
318 269
319 269
320 269
321 269
322 269
323 269
324 269
325 269
300 270
301 270
302 270
303 270
304 270
305 270
306 270
307 270
308 270
309 270
310 270
311 270
312 270
313 270
314 270
315 270
316 270
317 270
318 270
319 270
320 270
321 270
322 270
323 270
324 270
325 270
300 271
301 271
302 271
303 271
304 271
305 271
306 271
307 271
308 271
309 271
310 271
311 271
312 271
313 271
314 271
315 271
316 271
317 271
318 271
319 271
320 271
321 271
322 271
323 271
324 271
300 272
301 272
302 272
303 272
304 272
305 272
306 272
307 272
308 272
309 272
310 272
311 272
312 272
313 272
314 272
315 272
316 272
317 272
318 272
319 272
320 272
321 272
322 272
323 272
300 273
301 273
302 273
303 273
304 273
305 273
306 273
307 273
308 273
309 273
310 273
311 273
312 273
313 273
314 273
315 273
316 273
317 273
318 273
319 273
320 273
321 273
322 273
323 273
300 274
301 274
302 274
303 274
304 274
305 274
306 274
307 274
308 274
309 274
310 274
311 274
312 274
313 274
314 274
315 274
316 274
317 274
318 274
319 274
320 274
321 274
322 274
323 274
301 275
302 275
303 275
304 275
305 275
306 275
307 275
308 275
309 275
310 275
311 275
312 275
313 275
314 275
315 275
316 275
317 275
318 275
319 275
320 275
321 275
322 275
302 276
303 276
304 276
305 276
306 276
307 276
308 276
309 276
310 276
311 276
312 276
313 276
314 276
315 276
316 276
317 276
318 276
319 276
320 276
303 277
304 277
305 277
306 277
307 277
308 277
309 277
310 277
311 277
312 277
313 277
314 277
315 277
316 277
317 277
318 277
319 277
304 278
305 278
306 278
307 278
308 278
309 278
310 278
311 278
312 278
313 278
314 278
315 278
316 278
317 278
318 278
319 278
304 279
305 279
306 279
307 279
308 279
309 279
310 279
311 279
312 279
313 279
314 279
315 279
316 279
317 279
318 279
305 280
306 280
307 280
308 280
309 280
310 280
311 280
312 280
313 280
314 280
315 280
316 280
306 281
307 281
308 281
309 281
310 281
311 281
312 281
313 281
314 281
308 282
309 282
310 282
311 282
312 282
313 282
314 282
309 283
310 283
311 283
