303 152
304 152
305 152
306 152
307 152
308 152
309 152
310 152
311 152
312 152
313 152
314 152
301 153
302 153
303 153
304 153
305 153
306 153
307 153
308 153
309 153
310 153
311 153
312 153
313 153
314 153
315 153
301 154
302 154
303 154
304 154
305 154
306 154
307 154
308 154
309 154
310 154
311 154
312 154
313 154
314 154
315 154
300 155
301 155
302 155
303 155
304 155
305 155
306 155
307 155
308 155
309 155
310 155
311 155
312 155
313 155
314 155
315 155
316 155
299 156
300 156
301 156
302 156
303 156
304 156
305 156
306 156
307 156
308 156
309 156
310 156
311 156
312 156
313 156
314 156
315 156
316 156
299 157
300 157
301 157
302 157
303 157
304 157
305 157
306 157
307 157
308 157
309 157
310 157
311 157
312 157
313 157
314 157
315 157
316 157
317 157
298 158
299 158
300 158
301 158
302 158
303 158
304 158
305 158
306 158
307 158
308 158
309 158
310 158
311 158
312 158
313 158
314 158
315 158
316 158
317 158
318 158
297 159
298 159
299 159
300 159
301 159
302 159
303 159
304 159
305 159
306 159
307 159
308 159
309 159
310 159
311 159
312 159
313 159
314 159
315 159
316 159
317 159
318 159
297 160
298 160
299 160
300 160
301 160
302 160
303 160
304 160
305 160
306 160
307 160
308 160
309 160
310 160
311 160
312 160
313 160
314 160
315 160
316 160
317 160
318 160
296 161
297 161
298 161
299 161
300 161
301 161
302 161
303 161
304 161
305 161
306 161
307 161
308 161
309 161
310 161
311 161
312 161
313 161
314 161
315 161
316 161
317 161
318 161
319 161
296 162
297 162
298 162
299 162
300 162
301 162
302 162
303 162
304 162
305 162
306 162
307 162
308 162
309 162
310 162
311 162
312 162
313 162
314 162
315 162
316 162
317 162
318 162
319 162
296 163
297 163
298 163
299 163
300 163
301 163
302 163
303 163
304 163
305 163
306 163
307 163
308 163
309 163
310 163
311 163
312 163
313 163
314 163
315 163
316 163
317 163
318 163
319 163
296 164
297 164
298 164
299 164
300 164
301 164
302 164
303 164
304 164
305 164
306 164
307 164
308 164
309 164
310 164
311 164
312 164
313 164
314 164
315 164
316 164
317 164
318 164
319 164
296 165
297 165
298 165
299 165
300 165
301 165
302 165
303 165
304 165
305 165
306 165
307 165
308 165
309 165
310 165
311 165
312 165
313 165
314 165
315 165
316 165
317 165
318 165
319 165
296 166
297 166
298 166
299 166
300 166
301 166
302 166
303 166
304 166
305 166
306 166
307 166
308 166
309 166
310 166
311 166
312 166
313 166
314 166
315 166
316 166
317 166
318 166
319 166
296 167
297 167
298 167
299 167
300 167
301 167
302 167
303 167
304 167
305 167
306 167
307 167
308 167
309 167
310 167
311 167
312 167
313 167
314 167
315 167
316 167
317 167
318 167
319 167
296 168
297 168
298 168
299 168
300 168
301 168
302 168
303 168
304 168
305 168
306 168
307 168
308 168
309 168
310 168
311 168
312 168
313 168
314 168
315 168
316 168
317 168
318 168
319 168
296 169
297 169
298 169
299 169
300 169
301 169
302 169
303 169
304 169
305 169
306 169
307 169
308 169
309 169
310 169
311 169
312 169
313 169
314 169
315 169
316 169
317 169
318 169
319 169
296 170
297 170
298 170
299 170
300 170
301 170
302 170
303 170
304 170
305 170
306 170
307 170
308 170
309 170
310 170
311 170
312 170
313 170
314 170
315 170
316 170
317 170
318 170
319 170
296 171
297 171
298 171
299 171
300 171
301 171
302 171
303 171
304 171
305 171
306 171
307 171
308 171
309 171
310 171
311 171
312 171
313 171
314 171
315 171
316 171
317 171
318 171
319 171
296 172
297 172
298 172
299 172
300 172
301 172
302 172
303 172
304 172
305 172
306 172
307 172
308 172
309 172
310 172
311 172
312 172
313 172
314 172
315 172
316 172
317 172
318 172
319 172
296 173
297 173
298 173
299 173
300 173
301 173
302 173
303 173
304 173
305 173
306 173
307 173
308 173
309 173
310 173
311 173
312 173
313 173
314 173
315 173
316 173
317 173
318 173
319 173
296 174
297 174
298 174
299 174
300 174
301 174
302 174
303 174
304 174
305 174
306 174
307 174
308 174
309 174
310 174
311 174
312 174
313 174
314 174
315 174
316 174
317 174
318 174
319 174
296 175
297 175
298 175
299 175
300 175
301 175
302 175
303 175
304 175
305 175
306 175
307 175
308 175
309 175
310 175
311 175
312 175
313 175
314 175
315 175
316 175
317 175
318 175
319 175
296 176
297 176
298 176
299 176
300 176
301 176
302 176
303 176
304 176
305 176
306 176
307 176
308 176
309 176
310 176
311 176
312 176
313 176
314 176
315 176
316 176
317 176
318 176
319 176
296 177
297 177
298 177
299 177
300 177
301 177
302 177
303 177
304 177
305 177
306 177
307 177
308 177
309 177
310 177
311 177
312 177
313 177
314 177
315 177
316 177
317 177
318 177
319 177
296 178
297 178
298 178
299 178
300 178
301 178
302 178
303 178
304 178
305 178
306 178
307 178
308 178
309 178
310 178
311 178
312 178
313 178
314 178
315 178
316 178
317 178
318 178
319 178
296 179
297 179
298 179
299 179
300 179
301 179
302 179
303 179
304 179
305 179
306 179
307 179
308 179
309 179
310 179
311 179
312 179
313 179
314 179
315 179
316 179
317 179
318 179
296 180
297 180
298 180
299 180
300 180
301 180
302 180
303 180
304 180
305 180
306 180
307 180
308 180
309 180
310 180
311 180
312 180
313 180
314 180
315 180
316 180
317 180
296 181
297 181
298 181
299 181
300 181
301 181
302 181
303 181
304 181
305 181
306 181
307 181
308 181
309 181
310 181
311 181
312 181
313 181
314 181
315 181
316 181
296 182
297 182
298 182
299 182
300 182
301 182
302 182
303 182
304 182
305 182
306 182
307 182
308 182
309 182
310 182
311 182
312 182
313 182
314 182
315 182
316 182
297 183
298 183
299 183
300 183
301 183
302 183
303 183
304 183
305 183
306 183
307 183
308 183
309 183
310 183
311 183
312 183
313 183
314 183
315 183
316 183
298 184
299 184
300 184
301 184
302 184
303 184
304 184
305 184
306 184
307 184
308 184
309 184
310 184
311 184
312 184
313 184
314 184
315 184
299 185
300 185
301 185
302 185
303 185
304 185
305 185
306 185
307 185
308 185
309 185
310 185
311 185
312 185
313 185
314 185
315 185
299 186
300 186
301 186
302 186
303 186
304 186
305 186
306 186
307 186
308 186
309 186
310 186
311 186
312 186
313 186
314 186
315 186
300 187
301 187
302 187
303 187
304 187
305 187
306 187
307 187
308 187
309 187
310 187
311 187
312 187
313 187
314 187
315 187
300 188
301 188
302 188
303 188
304 188
305 188
306 188
307 188
308 188
309 188
310 188
311 188
312 188
313 188
314 188
315 188
300 189
301 189
302 189
303 189
304 189
305 189
306 189
307 189
308 189
309 189
310 189
311 189
312 189
313 189
314 189
300 190
301 190
302 190
303 190
304 190
305 190
306 190
307 190
308 190
309 190
310 190
311 190
312 190
313 190
314 190
300 191
301 191
302 191
303 191
304 191
305 191
306 191
307 191
308 191
309 191
310 191
311 191
312 191
313 191
301 192
302 192
303 192
304 192
305 192
306 192
307 192
308 192
309 192
310 192
311 192
312 192
301 193
302 193
303 193
304 193
305 193
306 193
307 193
308 193
309 193
310 193
311 193
301 194
302 194
303 194
304 194
305 194
306 194
307 194
308 194
309 194
310 194
311 194
303 195
304 195
305 195
306 195
307 195
308 195
309 195
310 195
304 196
305 196
306 196
307 196
308 196
305 197
306 197
