310 196
311 196
312 196
313 196
314 196
315 196
316 196
317 196
318 196
308 197
309 197
310 197
311 197
312 197
313 197
314 197
315 197
316 197
317 197
318 197
319 197
307 198
308 198
309 198
310 198
311 198
312 198
313 198
314 198
315 198
316 198
317 198
318 198
319 198
306 199
307 199
308 199
309 199
310 199
311 199
312 199
313 199
314 199
315 199
316 199
317 199
318 199
319 199
304 200
305 200
306 200
307 200
308 200
309 200
310 200
311 200
312 200
313 200
314 200
315 200
316 200
317 200
318 200
319 200
303 201
304 201
305 201
306 201
307 201
308 201
309 201
310 201
311 201
312 201
313 201
314 201
315 201
316 201
317 201
318 201
319 201
302 202
303 202
304 202
305 202
306 202
307 202
308 202
309 202
310 202
311 202
312 202
313 202
314 202
315 202
316 202
317 202
318 202
319 202
320 202
302 203
303 203
304 203
305 203
306 203
307 203
308 203
309 203
310 203
311 203
312 203
313 203
314 203
315 203
316 203
317 203
318 203
319 203
320 203
321 203
301 204
302 204
303 204
304 204
305 204
306 204
307 204
308 204
309 204
310 204
311 204
312 204
313 204
314 204
315 204
316 204
317 204
318 204
319 204
320 204
321 204
322 204
301 205
302 205
303 205
304 205
305 205
306 205
307 205
308 205
309 205
310 205
311 205
312 205
313 205
314 205
315 205
316 205
317 205
318 205
319 205
320 205
321 205
322 205
300 206
301 206
302 206
303 206
304 206
305 206
306 206
307 206
308 206
309 206
310 206
311 206
312 206
313 206
314 206
315 206
316 206
317 206
318 206
319 206
320 206
321 206
322 206
323 206
300 207
301 207
302 207
303 207
304 207
305 207
306 207
307 207
308 207
309 207
310 207
311 207
312 207
313 207
314 207
315 207
316 207
317 207
318 207
319 207
320 207
321 207
322 207
323 207
300 208
301 208
302 208
303 208
304 208
305 208
306 208
307 208
308 208
309 208
310 208
311 208
312 208
313 208
314 208
315 208
316 208
317 208
318 208
319 208
320 208
321 208
322 208
323 208
300 209
301 209
302 209
303 209
304 209
305 209
306 209
307 209
308 209
309 209
310 209
311 209
312 209
313 209
314 209
315 209
316 209
317 209
318 209
319 209
320 209
321 209
322 209
323 209
300 210
301 210
302 210
303 210
304 210
305 210
306 210
307 210
308 210
309 210
310 210
311 210
312 210
313 210
314 210
315 210
316 210
317 210
318 210
319 210
320 210
321 210
322 210
323 210
300 211
301 211
302 211
303 211
304 211
305 211
306 211
307 211
308 211
309 211
310 211
311 211
312 211
313 211
314 211
315 211
316 211
317 211
318 211
319 211
320 211
321 211
322 211
323 211
300 212
301 212
302 212
303 212
304 212
305 212
306 212
307 212
308 212
309 212
310 212
311 212
312 212
313 212
314 212
315 212
316 212
317 212
318 212
319 212
320 212
321 212
322 212
323 212
300 213
301 213
302 213
303 213
304 213
305 213
306 213
307 213
308 213
309 213
310 213
311 213
312 213
313 213
314 213
315 213
316 213
317 213
318 213
319 213
320 213
321 213
322 213
323 213
300 214
301 214
302 214
303 214
304 214
305 214
306 214
307 214
308 214
309 214
310 214
311 214
312 214
313 214
314 214
315 214
316 214
317 214
318 214
319 214
320 214
321 214
322 214
323 214
300 215
301 215
302 215
303 215
304 215
305 215
306 215
307 215
308 215
309 215
310 215
311 215
312 215
313 215
314 215
315 215
316 215
317 215
318 215
319 215
320 215
321 215
322 215
323 215
300 216
301 216
302 216
303 216
304 216
305 216
306 216
307 216
308 216
309 216
310 216
311 216
312 216
313 216
314 216
315 216
316 216
317 216
318 216
319 216
320 216
321 216
322 216
323 216
300 217
301 217
302 217
303 217
304 217
305 217
306 217
307 217
308 217
309 217
310 217
311 217
312 217
313 217
314 217
315 217
316 217
317 217
318 217
319 217
320 217
321 217
322 217
300 218
301 218
302 218
303 218
304 218
305 218
306 218
307 218
308 218
309 218
310 218
311 218
312 218
313 218
314 218
315 218
316 218
317 218
318 218
319 218
320 218
321 218
322 218
300 219
301 219
302 219
303 219
304 219
305 219
306 219
307 219
308 219
309 219
310 219
311 219
312 219
313 219
314 219
315 219
316 219
317 219
318 219
319 219
320 219
321 219
301 220
302 220
303 220
304 220
305 220
306 220
307 220
308 220
309 220
310 220
311 220
312 220
313 220
314 220
315 220
316 220
317 220
318 220
319 220
320 220
301 221
302 221
303 221
304 221
305 221
306 221
307 221
308 221
309 221
310 221
311 221
312 221
313 221
314 221
315 221
316 221
317 221
318 221
319 221
302 222
303 222
304 222
305 222
306 222
307 222
308 222
309 222
310 222
311 222
312 222
313 222
314 222
315 222
316 222
317 222
318 222
319 222
304 223
305 223
306 223
307 223
308 223
309 223
310 223
311 223
312 223
313 223
314 223
315 223
316 223
317 223
318 223
307 224
308 224
309 224
310 224
311 224
312 224
313 224
314 224
315 224
316 224
308 225
309 225
310 225
311 225
312 225
313 225
314 225
315 225
309 226
310 226
311 226
312 226
313 226
314 226
313 227
