278 148
279 148
280 148
281 148
282 148
283 148
284 148
285 148
286 148
287 148
288 148
289 148
290 148
291 148
292 148
293 148
294 148
277 149
278 149
279 149
280 149
281 149
282 149
283 149
284 149
285 149
286 149
287 149
288 149
289 149
290 149
291 149
292 149
293 149
294 149
295 149
276 150
277 150
278 150
279 150
280 150
281 150
282 150
283 150
284 150
285 150
286 150
287 150
288 150
289 150
290 150
291 150
292 150
293 150
294 150
295 150
276 151
277 151
278 151
279 151
280 151
281 151
282 151
283 151
284 151
285 151
286 151
287 151
288 151
289 151
290 151
291 151
292 151
293 151
294 151
295 151
296 151
276 152
277 152
278 152
279 152
280 152
281 152
282 152
283 152
284 152
285 152
286 152
287 152
288 152
289 152
290 152
291 152
292 152
293 152
294 152
295 152
296 152
276 153
277 153
278 153
279 153
280 153
281 153
282 153
283 153
284 153
285 153
286 153
287 153
288 153
289 153
290 153
291 153
292 153
293 153
294 153
295 153
296 153
297 153
276 154
277 154
278 154
279 154
280 154
281 154
282 154
283 154
284 154
285 154
286 154
287 154
288 154
289 154
290 154
291 154
292 154
293 154
294 154
295 154
296 154
297 154
298 154
276 155
277 155
278 155
279 155
280 155
281 155
282 155
283 155
284 155
285 155
286 155
287 155
288 155
289 155
290 155
291 155
292 155
293 155
294 155
295 155
296 155
297 155
298 155
276 156
277 156
278 156
279 156
280 156
281 156
282 156
283 156
284 156
285 156
286 156
287 156
288 156
289 156
290 156
291 156
292 156
293 156
294 156
295 156
296 156
297 156
298 156
299 156
276 157
277 157
278 157
279 157
280 157
281 157
282 157
283 157
284 157
285 157
286 157
287 157
288 157
289 157
290 157
291 157
292 157
293 157
294 157
295 157
296 157
297 157
298 157
299 157
276 158
277 158
278 158
279 158
280 158
281 158
282 158
283 158
284 158
285 158
286 158
287 158
288 158
289 158
290 158
291 158
292 158
293 158
294 158
295 158
296 158
297 158
298 158
299 158
276 159
277 159
278 159
279 159
280 159
281 159
282 159
283 159
284 159
285 159
286 159
287 159
288 159
289 159
290 159
291 159
292 159
293 159
294 159
295 159
296 159
297 159
298 159
299 159
300 159
276 160
277 160
278 160
279 160
280 160
281 160
282 160
283 160
284 160
285 160
286 160
287 160
288 160
289 160
290 160
291 160
292 160
293 160
294 160
295 160
296 160
297 160
298 160
299 160
300 160
276 161
277 161
278 161
279 161
280 161
281 161
282 161
283 161
284 161
285 161
286 161
287 161
288 161
289 161
290 161
291 161
292 161
293 161
294 161
295 161
296 161
297 161
298 161
299 161
300 161
276 162
277 162
278 162
279 162
280 162
281 162
282 162
283 162
284 162
285 162
286 162
287 162
288 162
289 162
290 162
291 162
292 162
293 162
294 162
295 162
296 162
297 162
298 162
299 162
300 162
301 162
276 163
277 163
278 163
279 163
280 163
281 163
282 163
283 163
284 163
285 163
286 163
287 163
288 163
289 163
290 163
291 163
292 163
293 163
294 163
295 163
296 163
297 163
298 163
299 163
300 163
301 163
302 163
276 164
277 164
278 164
279 164
280 164
281 164
282 164
283 164
284 164
285 164
286 164
287 164
288 164
289 164
290 164
291 164
292 164
293 164
294 164
295 164
296 164
297 164
298 164
299 164
300 164
301 164
302 164
276 165
277 165
278 165
279 165
280 165
281 165
282 165
283 165
284 165
285 165
286 165
287 165
288 165
289 165
290 165
291 165
292 165
293 165
294 165
295 165
296 165
297 165
298 165
299 165
300 165
301 165
302 165
303 165
276 166
277 166
278 166
279 166
280 166
281 166
282 166
283 166
284 166
285 166
286 166
287 166
288 166
289 166
290 166
291 166
292 166
293 166
294 166
295 166
296 166
297 166
298 166
299 166
300 166
301 166
302 166
303 166
276 167
277 167
278 167
279 167
280 167
281 167
282 167
283 167
284 167
285 167
286 167
287 167
288 167
289 167
290 167
291 167
292 167
293 167
294 167
295 167
296 167
297 167
298 167
299 167
300 167
301 167
302 167
303 167
276 168
277 168
278 168
279 168
280 168
281 168
282 168
283 168
284 168
285 168
286 168
287 168
288 168
289 168
290 168
291 168
292 168
293 168
294 168
295 168
296 168
297 168
298 168
299 168
300 168
301 168
302 168
303 168
276 169
277 169
278 169
279 169
280 169
281 169
282 169
283 169
284 169
285 169
286 169
287 169
288 169
289 169
290 169
291 169
292 169
293 169
294 169
295 169
296 169
297 169
298 169
299 169
300 169
301 169
302 169
303 169
276 170
277 170
278 170
279 170
280 170
281 170
282 170
283 170
284 170
285 170
286 170
287 170
288 170
289 170
290 170
291 170
292 170
293 170
294 170
295 170
296 170
297 170
298 170
299 170
300 170
301 170
302 170
303 170
276 171
277 171
278 171
279 171
280 171
281 171
282 171
283 171
284 171
285 171
286 171
287 171
288 171
289 171
290 171
291 171
292 171
293 171
294 171
295 171
296 171
297 171
298 171
299 171
300 171
301 171
302 171
303 171
276 172
277 172
278 172
279 172
280 172
281 172
282 172
283 172
284 172
285 172
286 172
287 172
288 172
289 172
290 172
291 172
292 172
293 172
294 172
295 172
296 172
297 172
298 172
299 172
300 172
301 172
302 172
303 172
276 173
277 173
278 173
279 173
280 173
281 173
282 173
283 173
284 173
285 173
286 173
287 173
288 173
289 173
290 173
291 173
292 173
293 173
294 173
295 173
296 173
297 173
298 173
299 173
300 173
301 173
302 173
303 173
276 174
277 174
278 174
279 174
280 174
281 174
282 174
283 174
284 174
285 174
286 174
287 174
288 174
289 174
290 174
291 174
292 174
293 174
294 174
295 174
296 174
297 174
298 174
299 174
300 174
301 174
302 174
303 174
276 175
277 175
278 175
279 175
280 175
281 175
282 175
283 175
284 175
285 175
286 175
287 175
288 175
289 175
290 175
291 175
292 175
293 175
294 175
295 175
296 175
297 175
298 175
299 175
300 175
301 175
302 175
303 175
276 176
277 176
278 176
279 176
280 176
281 176
282 176
283 176
284 176
285 176
286 176
287 176
288 176
289 176
290 176
291 176
292 176
293 176
294 176
295 176
296 176
297 176
298 176
299 176
300 176
301 176
302 176
303 176
276 177
277 177
278 177
279 177
280 177
281 177
282 177
283 177
284 177
285 177
286 177
287 177
288 177
289 177
290 177
291 177
292 177
293 177
294 177
295 177
296 177
297 177
298 177
299 177
300 177
301 177
302 177
303 177
276 178
277 178
278 178
279 178
280 178
281 178
282 178
283 178
284 178
285 178
286 178
287 178
288 178
289 178
290 178
291 178
292 178
293 178
294 178
295 178
296 178
297 178
298 178
299 178
300 178
301 178
302 178
303 178
277 179
278 179
279 179
280 179
281 179
282 179
283 179
284 179
285 179
286 179
287 179
288 179
289 179
290 179
291 179
292 179
293 179
294 179
295 179
296 179
297 179
298 179
299 179
300 179
301 179
302 179
303 179
277 180
278 180
279 180
280 180
281 180
282 180
283 180
284 180
285 180
286 180
287 180
288 180
289 180
290 180
291 180
292 180
293 180
294 180
295 180
296 180
297 180
298 180
299 180
300 180
301 180
302 180
303 180
278 181
279 181
280 181
281 181
282 181
283 181
284 181
285 181
286 181
287 181
288 181
289 181
290 181
291 181
292 181
293 181
294 181
295 181
296 181
297 181
298 181
299 181
300 181
301 181
302 181
303 181
279 182
280 182
281 182
282 182
283 182
284 182
285 182
286 182
287 182
288 182
289 182
290 182
291 182
292 182
293 182
294 182
295 182
296 182
297 182
298 182
299 182
300 182
301 182
302 182
303 182
280 183
281 183
282 183
283 183
284 183
285 183
286 183
287 183
288 183
289 183
290 183
291 183
292 183
293 183
294 183
295 183
296 183
297 183
298 183
299 183
300 183
301 183
302 183
303 183
280 184
281 184
282 184
283 184
284 184
285 184
286 184
287 184
288 184
289 184
290 184
291 184
292 184
293 184
294 184
295 184
296 184
297 184
298 184
299 184
300 184
301 184
302 184
303 184
281 185
282 185
283 185
284 185
285 185
286 185
287 185
288 185
289 185
290 185
291 185
292 185
293 185
294 185
295 185
296 185
297 185
298 185
299 185
300 185
301 185
302 185
303 185
282 186
283 186
284 186
285 186
286 186
287 186
288 186
289 186
290 186
291 186
292 186
293 186
294 186
295 186
296 186
297 186
298 186
299 186
300 186
301 186
302 186
303 186
283 187
284 187
285 187
286 187
287 187
288 187
289 187
290 187
291 187
292 187
293 187
294 187
295 187
296 187
297 187
298 187
299 187
300 187
301 187
302 187
303 187
284 188
285 188
286 188
287 188
288 188
289 188
290 188
291 188
292 188
293 188
294 188
295 188
296 188
297 188
298 188
299 188
300 188
301 188
302 188
284 189
285 189
286 189
287 189
288 189
289 189
290 189
291 189
292 189
293 189
294 189
295 189
296 189
297 189
298 189
299 189
300 189
301 189
302 189
285 190
286 190
287 190
288 190
289 190
290 190
291 190
292 190
293 190
294 190
295 190
296 190
297 190
298 190
299 190
300 190
301 190
286 191
287 191
288 191
289 191
290 191
291 191
292 191
293 191
294 191
295 191
296 191
297 191
298 191
299 191
300 191
287 192
288 192
289 192
290 192
291 192
292 192
293 192
294 192
295 192
296 192
297 192
298 192
299 192
300 192
288 193
289 193
290 193
291 193
292 193
293 193
294 193
295 193
296 193
297 193
298 193
299 193
288 194
289 194
290 194
291 194
292 194
293 194
294 194
295 194
296 194
297 194
298 194
299 194
289 195
290 195
291 195
292 195
293 195
294 195
295 195
296 195
297 195
298 195
292 196
293 196
294 196
295 196
296 196
297 196
298 196
296 197
297 197
