330 160
331 160
332 160
333 160
334 160
335 160
336 160
337 160
329 161
330 161
331 161
332 161
333 161
334 161
335 161
336 161
337 161
338 161
339 161
328 162
329 162
330 162
331 162
332 162
333 162
334 162
335 162
336 162
337 162
338 162
339 162
340 162
328 163
329 163
330 163
331 163
332 163
333 163
334 163
335 163
336 163
337 163
338 163
339 163
340 163
341 163
328 164
329 164
330 164
331 164
332 164
333 164
334 164
335 164
336 164
337 164
338 164
339 164
340 164
341 164
328 165
329 165
330 165
331 165
332 165
333 165
334 165
335 165
336 165
337 165
338 165
339 165
340 165
341 165
342 165
328 166
329 166
330 166
331 166
332 166
333 166
334 166
335 166
336 166
337 166
338 166
339 166
340 166
341 166
342 166
328 167
329 167
330 167
331 167
332 167
333 167
334 167
335 167
336 167
337 167
338 167
339 167
340 167
341 167
342 167
328 168
329 168
330 168
331 168
332 168
333 168
334 168
335 168
336 168
337 168
338 168
339 168
340 168
341 168
342 168
343 168
328 169
329 169
330 169
331 169
332 169
333 169
334 169
335 169
336 169
337 169
338 169
339 169
340 169
341 169
342 169
343 169
328 170
329 170
330 170
331 170
332 170
333 170
334 170
335 170
336 170
337 170
338 170
339 170
340 170
341 170
342 170
343 170
328 171
329 171
330 171
331 171
332 171
333 171
334 171
335 171
336 171
337 171
338 171
339 171
340 171
341 171
342 171
343 171
328 172
329 172
330 172
331 172
332 172
333 172
334 172
335 172
336 172
337 172
338 172
339 172
340 172
341 172
342 172
343 172
344 172
328 173
329 173
330 173
331 173
332 173
333 173
334 173
335 173
336 173
337 173
338 173
339 173
340 173
341 173
342 173
343 173
344 173
328 174
329 174
330 174
331 174
332 174
333 174
334 174
335 174
336 174
337 174
338 174
339 174
340 174
341 174
342 174
343 174
344 174
345 174
328 175
329 175
330 175
331 175
332 175
333 175
334 175
335 175
336 175
337 175
338 175
339 175
340 175
341 175
342 175
343 175
344 175
345 175
328 176
329 176
330 176
331 176
332 176
333 176
334 176
335 176
336 176
337 176
338 176
339 176
340 176
341 176
342 176
343 176
344 176
345 176
346 176
328 177
329 177
330 177
331 177
332 177
333 177
334 177
335 177
336 177
337 177
338 177
339 177
340 177
341 177
342 177
343 177
344 177
345 177
346 177
328 178
329 178
330 178
331 178
332 178
333 178
334 178
335 178
336 178
337 178
338 178
339 178
340 178
341 178
342 178
343 178
344 178
345 178
346 178
347 178
328 179
329 179
330 179
331 179
332 179
333 179
334 179
335 179
336 179
337 179
338 179
339 179
340 179
341 179
342 179
343 179
344 179
345 179
346 179
347 179
328 180
329 180
330 180
331 180
332 180
333 180
334 180
335 180
336 180
337 180
338 180
339 180
340 180
341 180
342 180
343 180
344 180
345 180
346 180
347 180
328 181
329 181
330 181
331 181
332 181
333 181
334 181
335 181
336 181
337 181
338 181
339 181
340 181
341 181
342 181
343 181
344 181
345 181
346 181
347 181
328 182
329 182
330 182
331 182
332 182
333 182
334 182
335 182
336 182
337 182
338 182
339 182
340 182
341 182
342 182
343 182
344 182
345 182
346 182
347 182
348 182
328 183
329 183
330 183
331 183
332 183
333 183
334 183
335 183
336 183
337 183
338 183
339 183
340 183
341 183
342 183
343 183
344 183
345 183
346 183
347 183
348 183
328 184
329 184
330 184
331 184
332 184
333 184
334 184
335 184
336 184
337 184
338 184
339 184
340 184
341 184
342 184
343 184
344 184
345 184
346 184
347 184
348 184
329 185
330 185
331 185
332 185
333 185
334 185
335 185
336 185
337 185
338 185
339 185
340 185
341 185
342 185
343 185
344 185
345 185
346 185
347 185
348 185
329 186
330 186
331 186
332 186
333 186
334 186
335 186
336 186
337 186
338 186
339 186
340 186
341 186
342 186
343 186
344 186
345 186
346 186
347 186
348 186
329 187
330 187
331 187
332 187
333 187
334 187
335 187
336 187
337 187
338 187
339 187
340 187
341 187
342 187
343 187
344 187
345 187
346 187
347 187
348 187
329 188
330 188
331 188
332 188
333 188
334 188
335 188
336 188
337 188
338 188
339 188
340 188
341 188
342 188
343 188
344 188
345 188
346 188
347 188
348 188
330 189
331 189
332 189
333 189
334 189
335 189
336 189
337 189
338 189
339 189
340 189
341 189
342 189
343 189
344 189
345 189
346 189
347 189
348 189
330 190
331 190
332 190
333 190
334 190
335 190
336 190
337 190
338 190
339 190
340 190
341 190
342 190
343 190
344 190
345 190
346 190
347 190
348 190
331 191
332 191
333 191
334 191
335 191
336 191
337 191
338 191
339 191
340 191
341 191
342 191
343 191
344 191
345 191
346 191
347 191
348 191
332 192
333 192
334 192
335 192
336 192
337 192
338 192
339 192
340 192
341 192
342 192
343 192
344 192
345 192
346 192
347 192
348 192
332 193
333 193
334 193
335 193
336 193
337 193
338 193
339 193
340 193
341 193
342 193
343 193
344 193
345 193
346 193
347 193
348 193
333 194
334 194
335 194
336 194
337 194
338 194
339 194
340 194
341 194
342 194
343 194
344 194
345 194
346 194
347 194
334 195
335 195
336 195
337 195
338 195
339 195
340 195
341 195
342 195
343 195
344 195
345 195
346 195
347 195
335 196
336 196
337 196
338 196
339 196
340 196
341 196
342 196
343 196
344 196
345 196
346 196
335 197
336 197
337 197
338 197
339 197
340 197
341 197
342 197
343 197
344 197
336 198
337 198
338 198
339 198
340 198
341 198
342 198
343 198
337 199
338 199
339 199
340 199
341 199
342 199
