277 325
278 325
279 325
280 325
281 325
282 325
277 326
278 326
279 326
280 326
281 326
282 326
283 326
276 327
277 327
278 327
279 327
280 327
281 327
282 327
283 327
276 328
277 328
278 328
279 328
280 328
281 328
282 328
283 328
276 329
277 329
278 329
279 329
280 329
281 329
282 329
283 329
276 330
277 330
278 330
279 330
280 330
281 330
282 330
283 330
276 331
277 331
278 331
279 331
280 331
281 331
282 331
283 331
284 331
276 332
277 332
278 332
279 332
280 332
281 332
282 332
283 332
284 332
276 333
277 333
278 333
279 333
280 333
281 333
282 333
283 333
284 333
285 333
286 333
276 334
277 334
278 334
279 334
280 334
281 334
282 334
283 334
284 334
285 334
286 334
276 335
277 335
278 335
279 335
280 335
281 335
282 335
283 335
284 335
285 335
286 335
287 335
288 335
276 336
277 336
278 336
279 336
280 336
281 336
282 336
283 336
284 336
285 336
286 336
287 336
288 336
289 336
290 336
291 336
292 336
293 336
294 336
276 337
277 337
278 337
279 337
280 337
281 337
282 337
283 337
284 337
285 337
286 337
287 337
288 337
289 337
290 337
291 337
292 337
293 337
294 337
295 337
276 338
277 338
278 338
279 338
280 338
281 338
282 338
283 338
284 338
285 338
286 338
287 338
288 338
289 338
290 338
291 338
292 338
293 338
294 338
295 338
276 339
277 339
278 339
279 339
280 339
281 339
282 339
283 339
284 339
285 339
286 339
287 339
288 339
289 339
290 339
291 339
292 339
293 339
294 339
295 339
296 339
276 340
277 340
278 340
279 340
280 340
281 340
282 340
283 340
284 340
285 340
286 340
287 340
288 340
289 340
290 340
291 340
292 340
293 340
294 340
295 340
296 340
297 340
276 341
277 341
278 341
279 341
280 341
281 341
282 341
283 341
284 341
285 341
286 341
287 341
288 341
289 341
290 341
291 341
292 341
293 341
294 341
295 341
296 341
297 341
276 342
277 342
278 342
279 342
280 342
281 342
282 342
283 342
284 342
285 342
286 342
287 342
288 342
289 342
290 342
291 342
292 342
293 342
294 342
295 342
296 342
297 342
298 342
276 343
277 343
278 343
279 343
280 343
281 343
282 343
283 343
284 343
285 343
286 343
287 343
288 343
289 343
290 343
291 343
292 343
293 343
294 343
295 343
296 343
297 343
298 343
276 344
277 344
278 344
279 344
280 344
281 344
282 344
283 344
284 344
285 344
286 344
287 344
288 344
289 344
290 344
291 344
292 344
293 344
294 344
295 344
296 344
297 344
298 344
276 345
277 345
278 345
279 345
280 345
281 345
282 345
283 345
284 345
285 345
286 345
287 345
288 345
289 345
290 345
291 345
292 345
293 345
294 345
295 345
296 345
297 345
298 345
276 346
277 346
278 346
279 346
280 346
281 346
282 346
283 346
284 346
285 346
286 346
287 346
288 346
289 346
290 346
291 346
292 346
293 346
294 346
295 346
296 346
297 346
276 347
277 347
278 347
279 347
280 347
281 347
282 347
283 347
284 347
285 347
286 347
287 347
288 347
289 347
290 347
291 347
292 347
293 347
294 347
295 347
296 347
297 347
276 348
277 348
278 348
279 348
280 348
281 348
282 348
283 348
284 348
285 348
286 348
287 348
288 348
289 348
290 348
291 348
292 348
293 348
294 348
295 348
296 348
276 349
277 349
278 349
279 349
280 349
281 349
282 349
283 349
284 349
285 349
286 349
287 349
288 349
289 349
290 349
291 349
292 349
293 349
294 349
295 349
296 349
276 350
277 350
278 350
279 350
280 350
281 350
282 350
283 350
284 350
285 350
286 350
287 350
288 350
289 350
290 350
291 350
292 350
293 350
294 350
295 350
276 351
277 351
278 351
279 351
280 351
281 351
282 351
283 351
284 351
285 351
286 351
287 351
288 351
289 351
290 351
291 351
292 351
293 351
294 351
295 351
277 352
278 352
279 352
280 352
281 352
282 352
283 352
284 352
285 352
286 352
287 352
288 352
289 352
290 352
291 352
292 352
293 352
294 352
277 353
278 353
279 353
280 353
281 353
282 353
283 353
284 353
285 353
286 353
287 353
288 353
289 353
290 353
291 353
292 353
293 353
294 353
278 354
279 354
280 354
281 354
282 354
283 354
284 354
285 354
286 354
287 354
288 354
289 354
290 354
291 354
292 354
293 354
280 355
281 355
282 355
283 355
284 355
285 355
286 355
287 355
288 355
289 355
290 355
291 355
292 355
282 356
283 356
284 356
285 356
286 356
287 356
288 356
289 356
290 356
