286 284
287 284
288 284
289 284
290 284
291 284
292 284
293 284
294 284
295 284
296 284
297 284
298 284
299 284
300 284
301 284
285 285
286 285
287 285
288 285
289 285
290 285
291 285
292 285
293 285
294 285
295 285
296 285
297 285
298 285
299 285
300 285
301 285
302 285
284 286
285 286
286 286
287 286
288 286
289 286
290 286
291 286
292 286
293 286
294 286
295 286
296 286
297 286
298 286
299 286
300 286
301 286
302 286
303 286
284 287
285 287
286 287
287 287
288 287
289 287
290 287
291 287
292 287
293 287
294 287
295 287
296 287
297 287
298 287
299 287
300 287
301 287
302 287
303 287
283 288
284 288
285 288
286 288
287 288
288 288
289 288
290 288
291 288
292 288
293 288
294 288
295 288
296 288
297 288
298 288
299 288
300 288
301 288
302 288
303 288
283 289
284 289
285 289
286 289
287 289
288 289
289 289
290 289
291 289
292 289
293 289
294 289
295 289
296 289
297 289
298 289
299 289
300 289
301 289
302 289
303 289
282 290
283 290
284 290
285 290
286 290
287 290
288 290
289 290
290 290
291 290
292 290
293 290
294 290
295 290
296 290
297 290
298 290
299 290
300 290
301 290
302 290
303 290
281 291
282 291
283 291
284 291
285 291
286 291
287 291
288 291
289 291
290 291
291 291
292 291
293 291
294 291
295 291
296 291
297 291
298 291
299 291
300 291
301 291
302 291
303 291
281 292
282 292
283 292
284 292
285 292
286 292
287 292
288 292
289 292
290 292
291 292
292 292
293 292
294 292
295 292
296 292
297 292
298 292
299 292
300 292
301 292
302 292
303 292
280 293
281 293
282 293
283 293
284 293
285 293
286 293
287 293
288 293
289 293
290 293
291 293
292 293
293 293
294 293
295 293
296 293
297 293
298 293
299 293
300 293
301 293
302 293
303 293
304 293
280 294
281 294
282 294
283 294
284 294
285 294
286 294
287 294
288 294
289 294
290 294
291 294
292 294
293 294
294 294
295 294
296 294
297 294
298 294
299 294
300 294
301 294
302 294
303 294
304 294
280 295
281 295
282 295
283 295
284 295
285 295
286 295
287 295
288 295
289 295
290 295
291 295
292 295
293 295
294 295
295 295
296 295
297 295
298 295
299 295
300 295
301 295
302 295
303 295
304 295
280 296
281 296
282 296
283 296
284 296
285 296
286 296
287 296
288 296
289 296
290 296
291 296
292 296
293 296
294 296
295 296
296 296
297 296
298 296
299 296
300 296
301 296
302 296
303 296
304 296
280 297
281 297
282 297
283 297
284 297
285 297
286 297
287 297
288 297
289 297
290 297
291 297
292 297
293 297
294 297
295 297
296 297
297 297
298 297
299 297
300 297
301 297
302 297
303 297
304 297
280 298
281 298
282 298
283 298
284 298
285 298
286 298
287 298
288 298
289 298
290 298
291 298
292 298
293 298
294 298
295 298
296 298
297 298
298 298
299 298
300 298
301 298
302 298
303 298
304 298
280 299
281 299
282 299
283 299
284 299
285 299
286 299
287 299
288 299
289 299
290 299
291 299
292 299
293 299
294 299
295 299
296 299
297 299
298 299
299 299
300 299
301 299
302 299
303 299
304 299
280 300
281 300
282 300
283 300
284 300
285 300
286 300
287 300
288 300
289 300
290 300
291 300
292 300
293 300
294 300
295 300
296 300
297 300
298 300
299 300
300 300
301 300
302 300
303 300
304 300
280 301
281 301
282 301
283 301
284 301
285 301
286 301
287 301
288 301
289 301
290 301
291 301
292 301
293 301
294 301
295 301
296 301
297 301
298 301
299 301
300 301
301 301
302 301
303 301
304 301
280 302
281 302
282 302
283 302
284 302
285 302
286 302
287 302
288 302
289 302
290 302
291 302
292 302
293 302
294 302
295 302
296 302
297 302
298 302
299 302
300 302
301 302
302 302
303 302
304 302
280 303
281 303
282 303
283 303
284 303
285 303
286 303
287 303
288 303
289 303
290 303
291 303
292 303
293 303
294 303
295 303
296 303
297 303
298 303
299 303
300 303
301 303
302 303
303 303
304 303
280 304
281 304
282 304
283 304
284 304
285 304
286 304
287 304
288 304
289 304
290 304
291 304
292 304
293 304
294 304
295 304
296 304
297 304
298 304
299 304
300 304
301 304
302 304
303 304
304 304
280 305
281 305
282 305
283 305
284 305
285 305
286 305
287 305
288 305
289 305
290 305
291 305
292 305
293 305
294 305
295 305
296 305
297 305
298 305
299 305
300 305
301 305
302 305
303 305
304 305
280 306
281 306
282 306
283 306
284 306
285 306
286 306
287 306
288 306
289 306
290 306
291 306
292 306
293 306
294 306
295 306
296 306
297 306
298 306
299 306
300 306
301 306
302 306
303 306
304 306
280 307
281 307
282 307
283 307
284 307
285 307
286 307
287 307
288 307
289 307
290 307
291 307
292 307
293 307
294 307
295 307
296 307
297 307
298 307
299 307
300 307
301 307
302 307
303 307
304 307
280 308
281 308
282 308
283 308
284 308
285 308
286 308
287 308
288 308
289 308
290 308
291 308
292 308
293 308
294 308
295 308
296 308
297 308
298 308
299 308
300 308
301 308
302 308
303 308
304 308
280 309
281 309
282 309
283 309
284 309
285 309
286 309
287 309
288 309
289 309
290 309
291 309
292 309
293 309
294 309
295 309
296 309
297 309
298 309
299 309
300 309
301 309
302 309
303 309
304 309
280 310
281 310
282 310
283 310
284 310
285 310
286 310
287 310
288 310
289 310
290 310
291 310
292 310
293 310
294 310
295 310
296 310
297 310
298 310
299 310
300 310
301 310
302 310
303 310
304 310
280 311
281 311
282 311
283 311
284 311
285 311
286 311
287 311
288 311
289 311
290 311
291 311
292 311
293 311
294 311
295 311
296 311
297 311
298 311
299 311
300 311
301 311
302 311
303 311
304 311
280 312
281 312
282 312
283 312
284 312
285 312
286 312
287 312
288 312
289 312
290 312
291 312
292 312
293 312
294 312
295 312
296 312
297 312
298 312
299 312
300 312
301 312
302 312
303 312
304 312
280 313
281 313
282 313
283 313
284 313
285 313
286 313
287 313
288 313
289 313
290 313
291 313
292 313
293 313
294 313
295 313
296 313
297 313
298 313
299 313
300 313
301 313
302 313
303 313
304 313
280 314
281 314
282 314
283 314
284 314
285 314
286 314
287 314
288 314
289 314
290 314
291 314
292 314
293 314
294 314
295 314
296 314
297 314
298 314
299 314
300 314
301 314
302 314
303 314
304 314
280 315
281 315
282 315
283 315
284 315
285 315
286 315
287 315
288 315
289 315
290 315
291 315
292 315
293 315
294 315
295 315
296 315
297 315
298 315
299 315
300 315
301 315
302 315
303 315
304 315
280 316
281 316
282 316
283 316
284 316
285 316
286 316
287 316
288 316
289 316
290 316
291 316
292 316
293 316
294 316
295 316
296 316
297 316
298 316
299 316
300 316
301 316
302 316
303 316
304 316
280 317
281 317
282 317
283 317
284 317
285 317
286 317
287 317
288 317
289 317
290 317
291 317
292 317
293 317
294 317
295 317
296 317
297 317
298 317
299 317
300 317
301 317
302 317
303 317
280 318
281 318
282 318
283 318
284 318
285 318
286 318
287 318
288 318
289 318
290 318
291 318
292 318
293 318
294 318
295 318
296 318
297 318
298 318
299 318
300 318
301 318
302 318
303 318
280 319
281 319
282 319
283 319
284 319
285 319
286 319
287 319
288 319
289 319
290 319
291 319
292 319
293 319
294 319
295 319
296 319
297 319
298 319
299 319
300 319
301 319
302 319
303 319
280 320
281 320
282 320
283 320
284 320
285 320
286 320
287 320
288 320
289 320
290 320
291 320
292 320
293 320
294 320
295 320
296 320
297 320
298 320
299 320
300 320
301 320
302 320
303 320
280 321
281 321
282 321
283 321
284 321
285 321
286 321
287 321
288 321
289 321
290 321
291 321
292 321
293 321
294 321
295 321
296 321
297 321
298 321
299 321
300 321
301 321
302 321
303 321
280 322
281 322
282 322
283 322
284 322
285 322
286 322
287 322
288 322
289 322
290 322
291 322
292 322
293 322
294 322
295 322
296 322
297 322
298 322
299 322
300 322
301 322
302 322
303 322
280 323
281 323
282 323
283 323
284 323
285 323
286 323
287 323
288 323
289 323
290 323
291 323
292 323
293 323
294 323
295 323
296 323
297 323
298 323
299 323
300 323
301 323
302 323
303 323
280 324
281 324
282 324
283 324
284 324
285 324
286 324
287 324
288 324
289 324
290 324
291 324
292 324
293 324
294 324
295 324
296 324
297 324
298 324
299 324
300 324
301 324
302 324
303 324
280 325
281 325
282 325
283 325
284 325
285 325
286 325
287 325
288 325
289 325
290 325
291 325
292 325
293 325
294 325
295 325
296 325
297 325
298 325
299 325
300 325
301 325
302 325
303 325
280 326
281 326
282 326
283 326
284 326
285 326
286 326
287 326
288 326
289 326
290 326
291 326
292 326
293 326
294 326
295 326
296 326
297 326
298 326
299 326
300 326
301 326
302 326
303 326
280 327
281 327
282 327
283 327
284 327
285 327
286 327
287 327
288 327
289 327
290 327
291 327
292 327
293 327
294 327
295 327
296 327
297 327
298 327
299 327
300 327
301 327
302 327
303 327
280 328
281 328
282 328
283 328
284 328
285 328
286 328
287 328
288 328
289 328
290 328
291 328
292 328
293 328
294 328
295 328
296 328
297 328
298 328
299 328
300 328
301 328
302 328
303 328
280 329
281 329
282 329
283 329
284 329
285 329
286 329
287 329
288 329
289 329
290 329
291 329
292 329
293 329
294 329
295 329
296 329
297 329
298 329
299 329
300 329
301 329
302 329
280 330
281 330
282 330
283 330
284 330
285 330
286 330
287 330
288 330
289 330
290 330
291 330
292 330
293 330
294 330
295 330
296 330
297 330
298 330
299 330
300 330
301 330
302 330
281 331
282 331
283 331
284 331
285 331
286 331
287 331
288 331
289 331
290 331
291 331
292 331
293 331
294 331
295 331
296 331
297 331
298 331
299 331
300 331
301 331
283 332
284 332
285 332
286 332
287 332
288 332
289 332
290 332
291 332
292 332
293 332
294 332
295 332
296 332
297 332
298 332
299 332
300 332
284 333
285 333
286 333
287 333
288 333
289 333
290 333
291 333
292 333
293 333
294 333
295 333
296 333
297 333
298 333
299 333
284 334
285 334
286 334
287 334
288 334
289 334
290 334
291 334
292 334
293 334
294 334
295 334
296 334
297 334
298 334
299 334
285 335
286 335
287 335
288 335
289 335
290 335
291 335
292 335
293 335
294 335
295 335
296 335
297 335
298 335
