369 144
370 144
371 144
372 144
373 144
374 144
375 144
376 144
377 144
378 144
379 144
380 144
381 144
382 144
368 145
369 145
370 145
371 145
372 145
373 145
374 145
375 145
376 145
377 145
378 145
379 145
380 145
381 145
382 145
383 145
384 145
367 146
368 146
369 146
370 146
371 146
372 146
373 146
374 146
375 146
376 146
377 146
378 146
379 146
380 146
381 146
382 146
383 146
384 146
385 146
366 147
367 147
368 147
369 147
370 147
371 147
372 147
373 147
374 147
375 147
376 147
377 147
378 147
379 147
380 147
381 147
382 147
383 147
384 147
385 147
386 147
365 148
366 148
367 148
368 148
369 148
370 148
371 148
372 148
373 148
374 148
375 148
376 148
377 148
378 148
379 148
380 148
381 148
382 148
383 148
384 148
385 148
386 148
387 148
364 149
365 149
366 149
367 149
368 149
369 149
370 149
371 149
372 149
373 149
374 149
375 149
376 149
377 149
378 149
379 149
380 149
381 149
382 149
383 149
384 149
385 149
386 149
387 149
364 150
365 150
366 150
367 150
368 150
369 150
370 150
371 150
372 150
373 150
374 150
375 150
376 150
377 150
378 150
379 150
380 150
381 150
382 150
383 150
384 150
385 150
386 150
387 150
364 151
365 151
366 151
367 151
368 151
369 151
370 151
371 151
372 151
373 151
374 151
375 151
376 151
377 151
378 151
379 151
380 151
381 151
382 151
383 151
384 151
385 151
386 151
387 151
363 152
364 152
365 152
366 152
367 152
368 152
369 152
370 152
371 152
372 152
373 152
374 152
375 152
376 152
377 152
378 152
379 152
380 152
381 152
382 152
383 152
384 152
385 152
386 152
387 152
388 152
362 153
363 153
364 153
365 153
366 153
367 153
368 153
369 153
370 153
371 153
372 153
373 153
374 153
375 153
376 153
377 153
378 153
379 153
380 153
381 153
382 153
383 153
384 153
385 153
386 153
387 153
388 153
361 154
362 154
363 154
364 154
365 154
366 154
367 154
368 154
369 154
370 154
371 154
372 154
373 154
374 154
375 154
376 154
377 154
378 154
379 154
380 154
381 154
382 154
383 154
384 154
385 154
386 154
387 154
388 154
389 154
361 155
362 155
363 155
364 155
365 155
366 155
367 155
368 155
369 155
370 155
371 155
372 155
373 155
374 155
375 155
376 155
377 155
378 155
379 155
380 155
381 155
382 155
383 155
384 155
385 155
386 155
387 155
388 155
389 155
361 156
362 156
363 156
364 156
365 156
366 156
367 156
368 156
369 156
370 156
371 156
372 156
373 156
374 156
375 156
376 156
377 156
378 156
379 156
380 156
381 156
382 156
383 156
384 156
385 156
386 156
387 156
388 156
389 156
390 156
360 157
361 157
362 157
363 157
364 157
365 157
366 157
367 157
368 157
369 157
370 157
371 157
372 157
373 157
374 157
375 157
376 157
377 157
378 157
379 157
380 157
381 157
382 157
383 157
384 157
385 157
386 157
387 157
388 157
389 157
390 157
360 158
361 158
362 158
363 158
364 158
365 158
366 158
367 158
368 158
369 158
370 158
371 158
372 158
373 158
374 158
375 158
376 158
377 158
378 158
379 158
380 158
381 158
382 158
383 158
384 158
385 158
386 158
387 158
388 158
389 158
390 158
391 158
360 159
361 159
362 159
363 159
364 159
365 159
366 159
367 159
368 159
369 159
370 159
371 159
372 159
373 159
374 159
375 159
376 159
377 159
378 159
379 159
380 159
381 159
382 159
383 159
384 159
385 159
386 159
387 159
388 159
389 159
390 159
391 159
360 160
361 160
362 160
363 160
364 160
365 160
366 160
367 160
368 160
369 160
370 160
371 160
372 160
373 160
374 160
375 160
376 160
377 160
378 160
379 160
380 160
381 160
382 160
383 160
384 160
385 160
386 160
387 160
388 160
389 160
390 160
391 160
360 161
361 161
362 161
363 161
364 161
365 161
366 161
367 161
368 161
369 161
370 161
371 161
372 161
373 161
374 161
375 161
376 161
377 161
378 161
379 161
380 161
381 161
382 161
383 161
384 161
385 161
386 161
387 161
388 161
389 161
390 161
391 161
360 162
361 162
362 162
363 162
364 162
365 162
366 162
367 162
368 162
369 162
370 162
371 162
372 162
373 162
374 162
375 162
376 162
377 162
378 162
379 162
380 162
381 162
382 162
383 162
384 162
385 162
386 162
387 162
388 162
389 162
390 162
391 162
360 163
361 163
362 163
363 163
364 163
365 163
366 163
367 163
368 163
369 163
370 163
371 163
372 163
373 163
374 163
375 163
376 163
377 163
378 163
379 163
380 163
381 163
382 163
383 163
384 163
385 163
386 163
387 163
388 163
389 163
390 163
391 163
360 164
361 164
362 164
363 164
364 164
365 164
366 164
367 164
368 164
369 164
370 164
371 164
372 164
373 164
374 164
375 164
376 164
377 164
378 164
379 164
380 164
381 164
382 164
383 164
384 164
385 164
386 164
387 164
388 164
389 164
390 164
391 164
360 165
361 165
362 165
363 165
364 165
365 165
366 165
367 165
368 165
369 165
370 165
371 165
372 165
373 165
374 165
375 165
376 165
377 165
378 165
379 165
380 165
381 165
382 165
383 165
384 165
385 165
386 165
387 165
388 165
389 165
390 165
391 165
360 166
361 166
362 166
363 166
364 166
365 166
366 166
367 166
368 166
369 166
370 166
371 166
372 166
373 166
374 166
375 166
376 166
377 166
378 166
379 166
380 166
381 166
382 166
383 166
384 166
385 166
386 166
387 166
388 166
389 166
390 166
391 166
360 167
361 167
362 167
363 167
364 167
365 167
366 167
367 167
368 167
369 167
370 167
371 167
372 167
373 167
374 167
375 167
376 167
377 167
378 167
379 167
380 167
381 167
382 167
383 167
384 167
385 167
386 167
387 167
388 167
389 167
390 167
391 167
360 168
361 168
362 168
363 168
364 168
365 168
366 168
367 168
368 168
369 168
370 168
371 168
372 168
373 168
374 168
375 168
376 168
377 168
378 168
379 168
380 168
381 168
382 168
383 168
384 168
385 168
386 168
387 168
388 168
389 168
390 168
391 168
360 169
361 169
362 169
363 169
364 169
365 169
366 169
367 169
368 169
369 169
370 169
371 169
372 169
373 169
374 169
375 169
376 169
377 169
378 169
379 169
380 169
381 169
382 169
383 169
384 169
385 169
386 169
387 169
388 169
389 169
390 169
391 169
360 170
361 170
362 170
363 170
364 170
365 170
366 170
367 170
368 170
369 170
370 170
371 170
372 170
373 170
374 170
375 170
376 170
377 170
378 170
379 170
380 170
381 170
382 170
383 170
384 170
385 170
386 170
387 170
388 170
389 170
390 170
391 170
360 171
361 171
362 171
363 171
364 171
365 171
366 171
367 171
368 171
369 171
370 171
371 171
372 171
373 171
374 171
375 171
376 171
377 171
378 171
379 171
380 171
381 171
382 171
383 171
384 171
385 171
386 171
387 171
388 171
389 171
390 171
391 171
360 172
361 172
362 172
363 172
364 172
365 172
366 172
367 172
368 172
369 172
370 172
371 172
372 172
373 172
374 172
375 172
376 172
377 172
378 172
379 172
380 172
381 172
382 172
383 172
384 172
385 172
386 172
387 172
388 172
389 172
390 172
360 173
361 173
362 173
363 173
364 173
365 173
366 173
367 173
368 173
369 173
370 173
371 173
372 173
373 173
374 173
375 173
376 173
377 173
378 173
379 173
380 173
381 173
382 173
383 173
384 173
385 173
386 173
387 173
388 173
389 173
390 173
360 174
361 174
362 174
363 174
364 174
365 174
366 174
367 174
368 174
369 174
370 174
371 174
372 174
373 174
374 174
375 174
376 174
377 174
378 174
379 174
380 174
381 174
382 174
383 174
384 174
385 174
386 174
387 174
388 174
389 174
390 174
360 175
361 175
362 175
363 175
364 175
365 175
366 175
367 175
368 175
369 175
370 175
371 175
372 175
373 175
374 175
375 175
376 175
377 175
378 175
379 175
380 175
381 175
382 175
383 175
384 175
385 175
386 175
387 175
388 175
389 175
390 175
360 176
361 176
362 176
363 176
364 176
365 176
366 176
367 176
368 176
369 176
370 176
371 176
372 176
373 176
374 176
375 176
376 176
377 176
378 176
379 176
380 176
381 176
382 176
383 176
384 176
385 176
386 176
387 176
388 176
389 176
360 177
361 177
362 177
363 177
364 177
365 177
366 177
367 177
368 177
369 177
370 177
371 177
372 177
373 177
374 177
375 177
376 177
377 177
378 177
379 177
380 177
381 177
382 177
383 177
384 177
385 177
386 177
387 177
388 177
389 177
360 178
361 178
362 178
363 178
364 178
365 178
366 178
367 178
368 178
369 178
370 178
371 178
372 178
373 178
374 178
375 178
376 178
377 178
378 178
379 178
380 178
381 178
382 178
383 178
384 178
385 178
386 178
387 178
388 178
360 179
361 179
362 179
363 179
364 179
365 179
366 179
367 179
368 179
369 179
370 179
371 179
372 179
373 179
374 179
375 179
376 179
377 179
378 179
379 179
380 179
381 179
382 179
383 179
384 179
385 179
386 179
387 179
388 179
360 180
361 180
362 180
363 180
364 180
365 180
366 180
367 180
368 180
369 180
370 180
371 180
372 180
373 180
374 180
375 180
376 180
377 180
378 180
379 180
380 180
381 180
382 180
383 180
384 180
385 180
386 180
387 180
388 180
360 181
361 181
362 181
363 181
364 181
365 181
366 181
367 181
368 181
369 181
370 181
371 181
372 181
373 181
374 181
375 181
376 181
377 181
378 181
379 181
380 181
381 181
382 181
383 181
384 181
385 181
386 181
387 181
388 181
360 182
361 182
362 182
363 182
364 182
365 182
366 182
367 182
368 182
369 182
370 182
371 182
372 182
373 182
374 182
375 182
376 182
377 182
378 182
379 182
380 182
381 182
382 182
383 182
384 182
385 182
386 182
387 182
360 183
361 183
362 183
363 183
364 183
365 183
366 183
367 183
368 183
369 183
370 183
371 183
372 183
373 183
374 183
375 183
376 183
377 183
378 183
379 183
380 183
381 183
382 183
383 183
384 183
385 183
386 183
387 183
360 184
361 184
362 184
363 184
364 184
365 184
366 184
367 184
368 184
369 184
370 184
371 184
372 184
373 184
374 184
375 184
376 184
377 184
378 184
379 184
380 184
381 184
382 184
383 184
384 184
385 184
386 184
387 184
360 185
361 185
362 185
363 185
364 185
365 185
366 185
367 185
368 185
369 185
370 185
371 185
372 185
373 185
374 185
375 185
376 185
377 185
378 185
379 185
380 185
381 185
382 185
383 185
384 185
385 185
386 185
387 185
360 186
361 186
362 186
363 186
364 186
365 186
366 186
367 186
368 186
369 186
370 186
371 186
372 186
373 186
374 186
375 186
376 186
377 186
378 186
379 186
380 186
381 186
382 186
383 186
384 186
385 186
386 186
387 186
360 187
361 187
362 187
363 187
364 187
365 187
366 187
367 187
368 187
369 187
370 187
371 187
372 187
373 187
374 187
375 187
376 187
377 187
378 187
379 187
380 187
381 187
382 187
383 187
384 187
385 187
386 187
387 187
360 188
361 188
362 188
363 188
364 188
365 188
366 188
367 188
368 188
369 188
370 188
371 188
372 188
373 188
374 188
375 188
376 188
377 188
378 188
379 188
380 188
381 188
382 188
383 188
384 188
385 188
386 188
387 188
360 189
361 189
362 189
363 189
364 189
365 189
366 189
367 189
368 189
369 189
370 189
371 189
372 189
373 189
374 189
375 189
376 189
377 189
378 189
379 189
380 189
381 189
382 189
383 189
384 189
385 189
386 189
387 189
361 190
362 190
363 190
364 190
365 190
366 190
367 190
368 190
369 190
370 190
371 190
372 190
373 190
374 190
375 190
376 190
377 190
378 190
379 190
380 190
381 190
382 190
383 190
384 190
385 190
386 190
387 190
362 191
363 191
364 191
365 191
366 191
367 191
368 191
369 191
370 191
371 191
372 191
373 191
374 191
375 191
376 191
377 191
378 191
379 191
380 191
381 191
382 191
383 191
384 191
385 191
386 191
366 192
367 192
368 192
369 192
370 192
371 192
372 192
373 192
374 192
375 192
376 192
377 192
378 192
379 192
380 192
381 192
382 192
383 192
384 192
385 192
386 192
367 193
368 193
369 193
370 193
371 193
372 193
373 193
374 193
375 193
376 193
377 193
378 193
379 193
380 193
381 193
382 193
383 193
384 193
385 193
368 194
369 194
370 194
371 194
372 194
373 194
374 194
375 194
376 194
377 194
378 194
379 194
380 194
381 194
382 194
383 194
384 194
369 195
370 195
371 195
372 195
373 195
374 195
375 195
376 195
377 195
378 195
379 195
380 195
381 195
382 195
383 195
384 195
371 196
372 196
373 196
374 196
375 196
376 196
377 196
378 196
379 196
380 196
381 196
382 196
383 196
372 197
373 197
374 197
375 197
376 197
377 197
378 197
379 197
380 197
381 197
382 197
383 197
372 198
373 198
374 198
375 198
376 198
377 198
378 198
379 198
380 198
381 198
382 198
373 199
374 199
375 199
376 199
377 199
378 199
379 199
380 199
381 199
374 200
375 200
376 200
377 200
378 200
