266 215
267 215
268 215
269 215
270 215
271 215
272 215
273 215
274 215
275 215
276 215
277 215
261 216
262 216
263 216
264 216
265 216
266 216
267 216
268 216
269 216
270 216
271 216
272 216
273 216
274 216
275 216
276 216
277 216
260 217
261 217
262 217
263 217
264 217
265 217
266 217
267 217
268 217
269 217
270 217
271 217
272 217
273 217
274 217
275 217
276 217
277 217
259 218
260 218
261 218
262 218
263 218
264 218
265 218
266 218
267 218
268 218
269 218
270 218
271 218
272 218
273 218
274 218
275 218
276 218
277 218
258 219
259 219
260 219
261 219
262 219
263 219
264 219
265 219
266 219
267 219
268 219
269 219
270 219
271 219
272 219
273 219
274 219
275 219
276 219
277 219
278 219
257 220
258 220
259 220
260 220
261 220
262 220
263 220
264 220
265 220
266 220
267 220
268 220
269 220
270 220
271 220
272 220
273 220
274 220
275 220
276 220
277 220
278 220
256 221
257 221
258 221
259 221
260 221
261 221
262 221
263 221
264 221
265 221
266 221
267 221
268 221
269 221
270 221
271 221
272 221
273 221
274 221
275 221
276 221
277 221
278 221
279 221
256 222
257 222
258 222
259 222
260 222
261 222
262 222
263 222
264 222
265 222
266 222
267 222
268 222
269 222
270 222
271 222
272 222
273 222
274 222
275 222
276 222
277 222
278 222
279 222
255 223
256 223
257 223
258 223
259 223
260 223
261 223
262 223
263 223
264 223
265 223
266 223
267 223
268 223
269 223
270 223
271 223
272 223
273 223
274 223
275 223
276 223
277 223
278 223
279 223
255 224
256 224
257 224
258 224
259 224
260 224
261 224
262 224
263 224
264 224
265 224
266 224
267 224
268 224
269 224
270 224
271 224
272 224
273 224
274 224
275 224
276 224
277 224
278 224
279 224
254 225
255 225
256 225
257 225
258 225
259 225
260 225
261 225
262 225
263 225
264 225
265 225
266 225
267 225
268 225
269 225
270 225
271 225
272 225
273 225
274 225
275 225
276 225
277 225
278 225
279 225
253 226
254 226
255 226
256 226
257 226
258 226
259 226
260 226
261 226
262 226
263 226
264 226
265 226
266 226
267 226
268 226
269 226
270 226
271 226
272 226
273 226
274 226
275 226
276 226
277 226
278 226
279 226
253 227
254 227
255 227
256 227
257 227
258 227
259 227
260 227
261 227
262 227
263 227
264 227
265 227
266 227
267 227
268 227
269 227
270 227
271 227
272 227
273 227
274 227
275 227
276 227
277 227
278 227
279 227
252 228
253 228
254 228
255 228
256 228
257 228
258 228
259 228
260 228
261 228
262 228
263 228
264 228
265 228
266 228
267 228
268 228
269 228
270 228
271 228
272 228
273 228
274 228
275 228
276 228
277 228
278 228
279 228
252 229
253 229
254 229
255 229
256 229
257 229
258 229
259 229
260 229
261 229
262 229
263 229
264 229
265 229
266 229
267 229
268 229
269 229
270 229
271 229
272 229
273 229
274 229
275 229
276 229
277 229
278 229
279 229
252 230
253 230
254 230
255 230
256 230
257 230
258 230
259 230
260 230
261 230
262 230
263 230
264 230
265 230
266 230
267 230
268 230
269 230
270 230
271 230
272 230
273 230
274 230
275 230
276 230
277 230
278 230
279 230
252 231
253 231
254 231
255 231
256 231
257 231
258 231
259 231
260 231
261 231
262 231
263 231
264 231
265 231
266 231
267 231
268 231
269 231
270 231
271 231
272 231
273 231
274 231
275 231
276 231
277 231
278 231
279 231
252 232
253 232
254 232
255 232
256 232
257 232
258 232
259 232
260 232
261 232
262 232
263 232
264 232
265 232
266 232
267 232
268 232
269 232
270 232
271 232
272 232
273 232
274 232
275 232
276 232
277 232
278 232
279 232
280 232
252 233
253 233
254 233
255 233
256 233
257 233
258 233
259 233
260 233
261 233
262 233
263 233
264 233
265 233
266 233
267 233
268 233
269 233
270 233
271 233
272 233
273 233
274 233
275 233
276 233
277 233
278 233
279 233
280 233
252 234
253 234
254 234
255 234
256 234
257 234
258 234
259 234
260 234
261 234
262 234
263 234
264 234
265 234
266 234
267 234
268 234
269 234
270 234
271 234
272 234
273 234
274 234
275 234
276 234
277 234
278 234
279 234
280 234
281 234
252 235
253 235
254 235
255 235
256 235
257 235
258 235
259 235
260 235
261 235
262 235
263 235
264 235
265 235
266 235
267 235
268 235
269 235
270 235
271 235
272 235
273 235
274 235
275 235
276 235
277 235
278 235
279 235
280 235
281 235
252 236
253 236
254 236
255 236
256 236
257 236
258 236
259 236
260 236
261 236
262 236
263 236
264 236
265 236
266 236
267 236
268 236
269 236
270 236
271 236
272 236
273 236
274 236
275 236
276 236
277 236
278 236
279 236
280 236
281 236
282 236
252 237
253 237
254 237
255 237
256 237
257 237
258 237
259 237
260 237
261 237
262 237
263 237
264 237
265 237
266 237
267 237
268 237
269 237
270 237
271 237
272 237
273 237
274 237
275 237
276 237
277 237
278 237
279 237
280 237
281 237
282 237
252 238
253 238
254 238
255 238
256 238
257 238
258 238
259 238
260 238
261 238
262 238
263 238
264 238
265 238
266 238
267 238
268 238
269 238
270 238
271 238
272 238
273 238
274 238
275 238
276 238
277 238
278 238
279 238
280 238
281 238
282 238
253 239
254 239
255 239
256 239
257 239
258 239
259 239
260 239
261 239
262 239
263 239
264 239
265 239
266 239
267 239
268 239
269 239
270 239
271 239
272 239
273 239
274 239
275 239
276 239
277 239
278 239
279 239
280 239
281 239
282 239
253 240
254 240
255 240
256 240
257 240
258 240
259 240
260 240
261 240
262 240
263 240
264 240
265 240
266 240
267 240
268 240
269 240
270 240
271 240
272 240
273 240
274 240
275 240
276 240
277 240
278 240
279 240
280 240
281 240
282 240
283 240
253 241
254 241
255 241
256 241
257 241
258 241
259 241
260 241
261 241
262 241
263 241
264 241
265 241
266 241
267 241
268 241
269 241
270 241
271 241
272 241
273 241
274 241
275 241
276 241
277 241
278 241
279 241
280 241
281 241
282 241
283 241
254 242
255 242
256 242
257 242
258 242
259 242
260 242
261 242
262 242
263 242
264 242
265 242
266 242
267 242
268 242
269 242
270 242
271 242
272 242
273 242
274 242
275 242
276 242
277 242
278 242
279 242
280 242
281 242
282 242
283 242
254 243
255 243
256 243
257 243
258 243
259 243
260 243
261 243
262 243
263 243
264 243
265 243
266 243
267 243
268 243
269 243
270 243
271 243
272 243
273 243
274 243
275 243
276 243
277 243
278 243
279 243
280 243
281 243
282 243
283 243
254 244
255 244
256 244
257 244
258 244
259 244
260 244
261 244
262 244
263 244
264 244
265 244
266 244
267 244
268 244
269 244
270 244
271 244
272 244
273 244
274 244
275 244
276 244
277 244
278 244
279 244
280 244
281 244
282 244
283 244
255 245
256 245
257 245
258 245
259 245
260 245
261 245
262 245
263 245
264 245
265 245
266 245
267 245
268 245
269 245
270 245
271 245
272 245
273 245
274 245
275 245
276 245
277 245
278 245
279 245
280 245
281 245
282 245
283 245
255 246
256 246
257 246
258 246
259 246
260 246
261 246
262 246
263 246
264 246
265 246
266 246
267 246
268 246
269 246
270 246
271 246
272 246
273 246
274 246
275 246
276 246
277 246
278 246
279 246
280 246
281 246
282 246
283 246
255 247
256 247
257 247
258 247
259 247
260 247
261 247
262 247
263 247
264 247
265 247
266 247
267 247
268 247
269 247
270 247
271 247
272 247
273 247
274 247
275 247
276 247
277 247
278 247
279 247
280 247
281 247
282 247
283 247
255 248
256 248
257 248
258 248
259 248
260 248
261 248
262 248
263 248
264 248
265 248
266 248
267 248
268 248
269 248
270 248
271 248
272 248
273 248
274 248
275 248
276 248
277 248
278 248
279 248
280 248
281 248
282 248
283 248
255 249
256 249
257 249
258 249
259 249
260 249
261 249
262 249
263 249
264 249
265 249
266 249
267 249
268 249
269 249
270 249
271 249
272 249
273 249
274 249
275 249
276 249
277 249
278 249
279 249
280 249
281 249
282 249
283 249
255 250
256 250
257 250
258 250
259 250
260 250
261 250
262 250
263 250
264 250
265 250
266 250
267 250
268 250
269 250
270 250
271 250
272 250
273 250
274 250
275 250
276 250
277 250
278 250
279 250
280 250
281 250
282 250
283 250
255 251
256 251
257 251
258 251
259 251
260 251
261 251
262 251
263 251
264 251
265 251
266 251
267 251
268 251
269 251
270 251
271 251
272 251
273 251
274 251
275 251
276 251
277 251
278 251
279 251
280 251
281 251
282 251
283 251
255 252
256 252
257 252
258 252
259 252
260 252
261 252
262 252
263 252
264 252
265 252
266 252
267 252
268 252
269 252
270 252
271 252
272 252
273 252
274 252
275 252
276 252
277 252
278 252
279 252
280 252
281 252
282 252
283 252
255 253
256 253
257 253
258 253
259 253
260 253
261 253
262 253
263 253
264 253
265 253
266 253
267 253
268 253
269 253
270 253
271 253
272 253
273 253
274 253
275 253
276 253
277 253
278 253
279 253
280 253
281 253
282 253
283 253
255 254
256 254
257 254
258 254
259 254
260 254
261 254
262 254
263 254
264 254
265 254
266 254
267 254
268 254
269 254
270 254
271 254
272 254
273 254
274 254
275 254
276 254
277 254
278 254
279 254
280 254
281 254
282 254
283 254
256 255
257 255
258 255
259 255
260 255
261 255
262 255
263 255
264 255
265 255
266 255
267 255
268 255
269 255
270 255
271 255
272 255
273 255
274 255
275 255
276 255
277 255
278 255
279 255
280 255
281 255
282 255
283 255
256 256
257 256
258 256
259 256
260 256
261 256
262 256
263 256
264 256
265 256
266 256
267 256
268 256
269 256
270 256
271 256
272 256
273 256
274 256
275 256
276 256
277 256
278 256
279 256
280 256
281 256
282 256
283 256
256 257
257 257
258 257
259 257
260 257
261 257
262 257
263 257
264 257
265 257
266 257
267 257
268 257
269 257
270 257
271 257
272 257
273 257
274 257
275 257
276 257
277 257
278 257
279 257
280 257
281 257
282 257
283 257
256 258
257 258
258 258
259 258
260 258
261 258
262 258
263 258
264 258
265 258
266 258
267 258
268 258
269 258
270 258
271 258
272 258
273 258
274 258
275 258
276 258
277 258
278 258
279 258
280 258
281 258
282 258
257 259
258 259
259 259
260 259
261 259
262 259
263 259
264 259
265 259
266 259
267 259
268 259
269 259
270 259
271 259
272 259
273 259
274 259
275 259
276 259
277 259
278 259
279 259
280 259
281 259
282 259
257 260
258 260
259 260
260 260
261 260
262 260
263 260
264 260
265 260
266 260
267 260
268 260
269 260
270 260
271 260
272 260
273 260
274 260
275 260
276 260
277 260
278 260
279 260
280 260
281 260
282 260
258 261
259 261
260 261
261 261
262 261
263 261
264 261
265 261
266 261
267 261
268 261
269 261
270 261
271 261
272 261
273 261
274 261
275 261
276 261
277 261
278 261
279 261
280 261
281 261
259 262
260 262
261 262
262 262
263 262
264 262
265 262
266 262
267 262
268 262
269 262
270 262
271 262
272 262
273 262
274 262
275 262
276 262
277 262
278 262
279 262
280 262
281 262
259 263
260 263
261 263
262 263
263 263
264 263
265 263
266 263
267 263
268 263
269 263
270 263
271 263
272 263
273 263
274 263
275 263
276 263
277 263
278 263
279 263
280 263
259 264
260 264
261 264
262 264
263 264
264 264
265 264
266 264
267 264
268 264
269 264
270 264
271 264
272 264
273 264
274 264
275 264
276 264
277 264
278 264
279 264
280 264
260 265
261 265
262 265
263 265
264 265
265 265
266 265
267 265
268 265
269 265
270 265
271 265
272 265
273 265
274 265
275 265
276 265
277 265
278 265
279 265
261 266
262 266
263 266
264 266
265 266
266 266
267 266
268 266
269 266
270 266
271 266
272 266
273 266
274 266
275 266
276 266
277 266
278 266
279 266
262 267
263 267
264 267
265 267
266 267
267 267
268 267
269 267
270 267
271 267
272 267
273 267
274 267
275 267
276 267
277 267
278 267
279 267
263 268
264 268
265 268
266 268
267 268
268 268
269 268
270 268
271 268
272 268
273 268
274 268
275 268
276 268
277 268
278 268
279 268
264 269
265 269
266 269
267 269
268 269
269 269
270 269
271 269
272 269
273 269
274 269
275 269
276 269
277 269
278 269
265 270
266 270
267 270
268 270
269 270
270 270
271 270
272 270
273 270
274 270
275 270
276 270
277 270
278 270
266 271
267 271
268 271
269 271
270 271
271 271
272 271
273 271
274 271
275 271
276 271
277 271
278 271
267 272
268 272
269 272
270 272
271 272
272 272
273 272
274 272
275 272
276 272
277 272
267 273
268 273
269 273
270 273
271 273
272 273
273 273
274 273
275 273
276 273
277 273
268 274
269 274
270 274
271 274
272 274
273 274
274 274
275 274
276 274
268 275
269 275
270 275
271 275
272 275
273 275
274 275
275 275
276 275
268 276
269 276
270 276
271 276
272 276
273 276
274 276
275 276
276 276
268 277
269 277
270 277
271 277
272 277
273 277
274 277
275 277
268 278
269 278
270 278
271 278
272 278
273 278
274 278
275 278
268 279
269 279
270 279
271 279
272 279
273 279
274 279
275 279
269 280
270 280
271 280
272 280
273 280
274 280
269 281
270 281
271 281
272 281
273 281
