369 368
370 368
371 368
372 368
373 368
374 368
375 368
376 368
377 368
378 368
379 368
380 368
381 368
382 368
383 368
368 369
369 369
370 369
371 369
372 369
373 369
374 369
375 369
376 369
377 369
378 369
379 369
380 369
381 369
382 369
383 369
384 369
385 369
386 369
368 370
369 370
370 370
371 370
372 370
373 370
374 370
375 370
376 370
377 370
378 370
379 370
380 370
381 370
382 370
383 370
384 370
385 370
386 370
387 370
368 371
369 371
370 371
371 371
372 371
373 371
374 371
375 371
376 371
377 371
378 371
379 371
380 371
381 371
382 371
383 371
384 371
385 371
386 371
387 371
388 371
389 371
368 372
369 372
370 372
371 372
372 372
373 372
374 372
375 372
376 372
377 372
378 372
379 372
380 372
381 372
382 372
383 372
384 372
385 372
386 372
387 372
388 372
389 372
390 372
368 373
369 373
370 373
371 373
372 373
373 373
374 373
375 373
376 373
377 373
378 373
379 373
380 373
381 373
382 373
383 373
384 373
385 373
386 373
387 373
388 373
389 373
390 373
391 373
368 374
369 374
370 374
371 374
372 374
373 374
374 374
375 374
376 374
377 374
378 374
379 374
380 374
381 374
382 374
383 374
384 374
385 374
386 374
387 374
388 374
389 374
390 374
391 374
368 375
369 375
370 375
371 375
372 375
373 375
374 375
375 375
376 375
377 375
378 375
379 375
380 375
381 375
382 375
383 375
384 375
385 375
386 375
387 375
388 375
389 375
390 375
391 375
392 375
368 376
369 376
370 376
371 376
372 376
373 376
374 376
375 376
376 376
377 376
378 376
379 376
380 376
381 376
382 376
383 376
384 376
385 376
386 376
387 376
388 376
389 376
390 376
391 376
392 376
393 376
368 377
369 377
370 377
371 377
372 377
373 377
374 377
375 377
376 377
377 377
378 377
379 377
380 377
381 377
382 377
383 377
384 377
385 377
386 377
387 377
388 377
389 377
390 377
391 377
392 377
393 377
394 377
368 378
369 378
370 378
371 378
372 378
373 378
374 378
375 378
376 378
377 378
378 378
379 378
380 378
381 378
382 378
383 378
384 378
385 378
386 378
387 378
388 378
389 378
390 378
391 378
392 378
393 378
394 378
368 379
369 379
370 379
371 379
372 379
373 379
374 379
375 379
376 379
377 379
378 379
379 379
380 379
381 379
382 379
383 379
384 379
385 379
386 379
387 379
388 379
389 379
390 379
391 379
392 379
393 379
394 379
395 379
368 380
369 380
370 380
371 380
372 380
373 380
374 380
375 380
376 380
377 380
378 380
379 380
380 380
381 380
382 380
383 380
384 380
385 380
386 380
387 380
388 380
389 380
390 380
391 380
392 380
393 380
394 380
395 380
368 381
369 381
370 381
371 381
372 381
373 381
374 381
375 381
376 381
377 381
378 381
379 381
380 381
381 381
382 381
383 381
384 381
385 381
386 381
387 381
388 381
389 381
390 381
391 381
392 381
393 381
394 381
395 381
368 382
369 382
370 382
371 382
372 382
373 382
374 382
375 382
376 382
377 382
378 382
379 382
380 382
381 382
382 382
383 382
384 382
385 382
386 382
387 382
388 382
389 382
390 382
391 382
392 382
393 382
394 382
395 382
368 383
369 383
370 383
371 383
372 383
373 383
374 383
375 383
376 383
377 383
378 383
379 383
380 383
381 383
382 383
383 383
384 383
385 383
386 383
387 383
388 383
389 383
390 383
391 383
392 383
393 383
394 383
395 383
368 384
369 384
370 384
371 384
372 384
373 384
374 384
375 384
376 384
377 384
378 384
379 384
380 384
381 384
382 384
383 384
384 384
385 384
386 384
387 384
388 384
389 384
390 384
391 384
392 384
393 384
394 384
395 384
396 384
368 385
369 385
370 385
371 385
372 385
373 385
374 385
375 385
376 385
377 385
378 385
379 385
380 385
381 385
382 385
383 385
384 385
385 385
386 385
387 385
388 385
389 385
390 385
391 385
392 385
393 385
394 385
395 385
396 385
368 386
369 386
370 386
371 386
372 386
373 386
374 386
375 386
376 386
377 386
378 386
379 386
380 386
381 386
382 386
383 386
384 386
385 386
386 386
387 386
388 386
389 386
390 386
391 386
392 386
393 386
394 386
395 386
396 386
397 386
368 387
369 387
370 387
371 387
372 387
373 387
374 387
375 387
376 387
377 387
378 387
379 387
380 387
381 387
382 387
383 387
384 387
385 387
386 387
387 387
388 387
389 387
390 387
391 387
392 387
393 387
394 387
395 387
396 387
397 387
368 388
369 388
370 388
371 388
372 388
373 388
374 388
375 388
376 388
377 388
378 388
379 388
380 388
381 388
382 388
383 388
384 388
385 388
386 388
387 388
388 388
389 388
390 388
391 388
392 388
393 388
394 388
395 388
396 388
397 388
398 388
369 389
370 389
371 389
372 389
373 389
374 389
375 389
376 389
377 389
378 389
379 389
380 389
381 389
382 389
383 389
384 389
385 389
386 389
387 389
388 389
389 389
390 389
391 389
392 389
393 389
394 389
395 389
396 389
397 389
398 389
369 390
370 390
371 390
372 390
373 390
374 390
375 390
376 390
377 390
378 390
379 390
380 390
381 390
382 390
383 390
384 390
385 390
386 390
387 390
388 390
389 390
390 390
391 390
392 390
393 390
394 390
395 390
396 390
397 390
398 390
399 390
370 391
371 391
372 391
373 391
374 391
375 391
376 391
377 391
378 391
379 391
380 391
381 391
382 391
383 391
384 391
385 391
386 391
387 391
388 391
389 391
390 391
391 391
392 391
393 391
394 391
395 391
396 391
397 391
398 391
399 391
374 392
375 392
376 392
377 392
378 392
379 392
380 392
381 392
382 392
383 392
384 392
385 392
386 392
387 392
388 392
389 392
390 392
391 392
392 392
393 392
394 392
395 392
396 392
397 392
398 392
399 392
375 393
376 393
377 393
378 393
379 393
380 393
381 393
382 393
383 393
384 393
385 393
386 393
387 393
388 393
389 393
390 393
391 393
392 393
393 393
394 393
395 393
396 393
397 393
398 393
399 393
376 394
377 394
378 394
379 394
380 394
381 394
382 394
383 394
384 394
385 394
386 394
387 394
388 394
389 394
390 394
391 394
392 394
393 394
394 394
395 394
396 394
397 394
398 394
399 394
376 395
377 395
378 395
379 395
380 395
381 395
382 395
383 395
384 395
385 395
386 395
387 395
388 395
389 395
390 395
391 395
392 395
393 395
394 395
395 395
396 395
397 395
398 395
399 395
378 396
379 396
380 396
381 396
382 396
383 396
384 396
385 396
386 396
387 396
388 396
389 396
390 396
391 396
392 396
393 396
394 396
395 396
396 396
397 396
398 396
399 396
379 397
380 397
381 397
382 397
383 397
384 397
385 397
386 397
387 397
388 397
389 397
390 397
391 397
392 397
393 397
394 397
395 397
396 397
397 397
398 397
399 397
379 398
380 398
381 398
382 398
383 398
384 398
385 398
386 398
387 398
388 398
389 398
390 398
391 398
392 398
393 398
394 398
395 398
396 398
397 398
398 398
399 398
380 399
381 399
382 399
383 399
384 399
385 399
386 399
387 399
388 399
389 399
390 399
391 399
392 399
393 399
394 399
395 399
396 399
397 399
398 399
399 399
380 400
381 400
382 400
383 400
384 400
385 400
386 400
387 400
388 400
389 400
390 400
391 400
392 400
393 400
394 400
395 400
396 400
397 400
398 400
399 400
380 401
381 401
382 401
383 401
384 401
385 401
386 401
387 401
388 401
389 401
390 401
391 401
392 401
393 401
394 401
395 401
396 401
397 401
398 401
399 401
380 402
381 402
382 402
383 402
384 402
385 402
386 402
387 402
388 402
389 402
390 402
391 402
392 402
393 402
394 402
395 402
396 402
397 402
398 402
399 402
381 403
382 403
383 403
384 403
385 403
386 403
387 403
388 403
389 403
390 403
391 403
392 403
393 403
394 403
395 403
396 403
397 403
398 403
399 403
381 404
382 404
383 404
384 404
385 404
386 404
387 404
388 404
389 404
390 404
391 404
392 404
393 404
394 404
395 404
396 404
397 404
398 404
399 404
382 405
383 405
384 405
385 405
386 405
387 405
388 405
389 405
390 405
391 405
392 405
393 405
394 405
395 405
396 405
397 405
398 405
399 405
383 406
384 406
385 406
386 406
387 406
388 406
389 406
390 406
391 406
392 406
393 406
394 406
395 406
396 406
397 406
398 406
399 406
383 407
384 407
385 407
386 407
387 407
388 407
389 407
390 407
391 407
392 407
393 407
394 407
395 407
396 407
397 407
398 407
383 408
384 408
385 408
386 408
387 408
388 408
389 408
390 408
391 408
392 408
393 408
394 408
395 408
396 408
397 408
398 408
384 409
385 409
386 409
387 409
388 409
389 409
390 409
391 409
392 409
393 409
394 409
395 409
396 409
397 409
384 410
385 410
386 410
387 410
388 410
389 410
390 410
391 410
392 410
393 410
394 410
395 410
396 410
397 410
384 411
385 411
386 411
387 411
388 411
389 411
390 411
391 411
392 411
393 411
394 411
395 411
396 411
384 412
385 412
386 412
387 412
388 412
389 412
390 412
391 412
392 412
393 412
394 412
395 412
384 413
385 413
386 413
387 413
388 413
389 413
390 413
391 413
392 413
393 413
394 413
395 413
385 414
386 414
387 414
388 414
389 414
390 414
391 414
392 414
393 414
394 414
395 414
385 415
386 415
387 415
388 415
389 415
390 415
391 415
392 415
393 415
394 415
386 416
387 416
388 416
389 416
390 416
391 416
392 416
393 416
387 417
388 417
389 417
390 417
391 417
388 418
389 418
390 418
