356 200
357 200
358 200
359 200
360 200
361 200
362 200
363 200
364 200
365 200
366 200
367 200
368 200
369 200
354 201
355 201
356 201
357 201
358 201
359 201
360 201
361 201
362 201
363 201
364 201
365 201
366 201
367 201
368 201
369 201
370 201
353 202
354 202
355 202
356 202
357 202
358 202
359 202
360 202
361 202
362 202
363 202
364 202
365 202
366 202
367 202
368 202
369 202
370 202
371 202
353 203
354 203
355 203
356 203
357 203
358 203
359 203
360 203
361 203
362 203
363 203
364 203
365 203
366 203
367 203
368 203
369 203
370 203
371 203
352 204
353 204
354 204
355 204
356 204
357 204
358 204
359 204
360 204
361 204
362 204
363 204
364 204
365 204
366 204
367 204
368 204
369 204
370 204
371 204
352 205
353 205
354 205
355 205
356 205
357 205
358 205
359 205
360 205
361 205
362 205
363 205
364 205
365 205
366 205
367 205
368 205
369 205
370 205
371 205
352 206
353 206
354 206
355 206
356 206
357 206
358 206
359 206
360 206
361 206
362 206
363 206
364 206
365 206
366 206
367 206
368 206
369 206
370 206
371 206
372 206
352 207
353 207
354 207
355 207
356 207
357 207
358 207
359 207
360 207
361 207
362 207
363 207
364 207
365 207
366 207
367 207
368 207
369 207
370 207
371 207
372 207
373 207
352 208
353 208
354 208
355 208
356 208
357 208
358 208
359 208
360 208
361 208
362 208
363 208
364 208
365 208
366 208
367 208
368 208
369 208
370 208
371 208
372 208
373 208
374 208
351 209
352 209
353 209
354 209
355 209
356 209
357 209
358 209
359 209
360 209
361 209
362 209
363 209
364 209
365 209
366 209
367 209
368 209
369 209
370 209
371 209
372 209
373 209
374 209
351 210
352 210
353 210
354 210
355 210
356 210
357 210
358 210
359 210
360 210
361 210
362 210
363 210
364 210
365 210
366 210
367 210
368 210
369 210
370 210
371 210
372 210
373 210
374 210
375 210
350 211
351 211
352 211
353 211
354 211
355 211
356 211
357 211
358 211
359 211
360 211
361 211
362 211
363 211
364 211
365 211
366 211
367 211
368 211
369 211
370 211
371 211
372 211
373 211
374 211
375 211
349 212
350 212
351 212
352 212
353 212
354 212
355 212
356 212
357 212
358 212
359 212
360 212
361 212
362 212
363 212
364 212
365 212
366 212
367 212
368 212
369 212
370 212
371 212
372 212
373 212
374 212
375 212
348 213
349 213
350 213
351 213
352 213
353 213
354 213
355 213
356 213
357 213
358 213
359 213
360 213
361 213
362 213
363 213
364 213
365 213
366 213
367 213
368 213
369 213
370 213
371 213
372 213
373 213
374 213
375 213
348 214
349 214
350 214
351 214
352 214
353 214
354 214
355 214
356 214
357 214
358 214
359 214
360 214
361 214
362 214
363 214
364 214
365 214
366 214
367 214
368 214
369 214
370 214
371 214
372 214
373 214
374 214
375 214
347 215
348 215
349 215
350 215
351 215
352 215
353 215
354 215
355 215
356 215
357 215
358 215
359 215
360 215
361 215
362 215
363 215
364 215
365 215
366 215
367 215
368 215
369 215
370 215
371 215
372 215
373 215
374 215
375 215
344 216
345 216
346 216
347 216
348 216
349 216
350 216
351 216
352 216
353 216
354 216
355 216
356 216
357 216
358 216
359 216
360 216
361 216
362 216
363 216
364 216
365 216
366 216
367 216
368 216
369 216
370 216
371 216
372 216
373 216
374 216
375 216
342 217
343 217
344 217
345 217
346 217
347 217
348 217
349 217
350 217
351 217
352 217
353 217
354 217
355 217
356 217
357 217
358 217
359 217
360 217
361 217
362 217
363 217
364 217
365 217
366 217
367 217
368 217
369 217
370 217
371 217
372 217
373 217
374 217
375 217
341 218
342 218
343 218
344 218
345 218
346 218
347 218
348 218
349 218
350 218
351 218
352 218
353 218
354 218
355 218
356 218
357 218
358 218
359 218
360 218
361 218
362 218
363 218
364 218
365 218
366 218
367 218
368 218
369 218
370 218
371 218
372 218
373 218
374 218
375 218
376 218
341 219
342 219
343 219
344 219
345 219
346 219
347 219
348 219
349 219
350 219
351 219
352 219
353 219
354 219
355 219
356 219
357 219
358 219
359 219
360 219
361 219
362 219
363 219
364 219
365 219
366 219
367 219
368 219
369 219
370 219
371 219
372 219
373 219
374 219
375 219
376 219
340 220
341 220
342 220
343 220
344 220
345 220
346 220
347 220
348 220
349 220
350 220
351 220
352 220
353 220
354 220
355 220
356 220
357 220
358 220
359 220
360 220
361 220
362 220
363 220
364 220
365 220
366 220
367 220
368 220
369 220
370 220
371 220
372 220
373 220
374 220
375 220
376 220
377 220
340 221
341 221
342 221
343 221
344 221
345 221
346 221
347 221
348 221
349 221
350 221
351 221
352 221
353 221
354 221
355 221
356 221
357 221
358 221
359 221
360 221
361 221
362 221
363 221
364 221
365 221
366 221
367 221
368 221
369 221
370 221
371 221
372 221
373 221
374 221
375 221
376 221
377 221
340 222
341 222
342 222
343 222
344 222
345 222
346 222
347 222
348 222
349 222
350 222
351 222
352 222
353 222
354 222
355 222
356 222
357 222
358 222
359 222
360 222
361 222
362 222
363 222
364 222
365 222
366 222
367 222
368 222
369 222
370 222
371 222
372 222
373 222
374 222
375 222
376 222
377 222
378 222
340 223
341 223
342 223
343 223
344 223
345 223
346 223
347 223
348 223
349 223
350 223
351 223
352 223
353 223
354 223
355 223
356 223
357 223
358 223
359 223
360 223
361 223
362 223
363 223
364 223
365 223
366 223
367 223
368 223
369 223
370 223
371 223
372 223
373 223
374 223
375 223
376 223
377 223
378 223
340 224
341 224
342 224
343 224
344 224
345 224
346 224
347 224
348 224
349 224
350 224
351 224
352 224
353 224
354 224
355 224
356 224
357 224
358 224
359 224
360 224
361 224
362 224
363 224
364 224
365 224
366 224
367 224
368 224
369 224
370 224
371 224
372 224
373 224
374 224
375 224
376 224
377 224
378 224
340 225
341 225
342 225
343 225
344 225
345 225
346 225
347 225
348 225
349 225
350 225
351 225
352 225
353 225
354 225
355 225
356 225
357 225
358 225
359 225
360 225
361 225
362 225
363 225
364 225
365 225
366 225
367 225
368 225
369 225
370 225
371 225
372 225
373 225
374 225
375 225
376 225
377 225
378 225
340 226
341 226
342 226
343 226
344 226
345 226
346 226
347 226
348 226
349 226
350 226
351 226
352 226
353 226
354 226
355 226
356 226
357 226
358 226
359 226
360 226
361 226
362 226
363 226
364 226
365 226
366 226
367 226
368 226
369 226
370 226
371 226
372 226
373 226
374 226
375 226
376 226
377 226
378 226
340 227
341 227
342 227
343 227
344 227
345 227
346 227
347 227
348 227
349 227
350 227
351 227
352 227
353 227
354 227
355 227
356 227
357 227
358 227
359 227
360 227
361 227
362 227
363 227
364 227
365 227
366 227
367 227
368 227
369 227
370 227
371 227
372 227
373 227
374 227
375 227
376 227
377 227
378 227
340 228
341 228
342 228
343 228
344 228
345 228
346 228
347 228
348 228
349 228
350 228
351 228
352 228
353 228
354 228
355 228
356 228
357 228
358 228
359 228
360 228
361 228
362 228
363 228
364 228
365 228
366 228
367 228
368 228
369 228
370 228
371 228
372 228
373 228
374 228
375 228
376 228
377 228
378 228
379 228
340 229
341 229
342 229
343 229
344 229
345 229
346 229
347 229
348 229
349 229
350 229
351 229
352 229
353 229
354 229
355 229
356 229
357 229
358 229
359 229
360 229
361 229
362 229
363 229
364 229
365 229
366 229
367 229
368 229
369 229
370 229
371 229
372 229
373 229
374 229
375 229
376 229
377 229
378 229
379 229
340 230
341 230
342 230
343 230
344 230
345 230
346 230
347 230
348 230
349 230
350 230
351 230
352 230
353 230
354 230
355 230
356 230
357 230
358 230
359 230
360 230
361 230
362 230
363 230
364 230
365 230
366 230
367 230
368 230
369 230
370 230
371 230
372 230
373 230
374 230
375 230
376 230
377 230
378 230
379 230
340 231
341 231
342 231
343 231
344 231
345 231
346 231
347 231
348 231
349 231
350 231
351 231
352 231
353 231
354 231
355 231
356 231
357 231
358 231
359 231
360 231
361 231
362 231
363 231
364 231
365 231
366 231
367 231
368 231
369 231
370 231
371 231
372 231
373 231
374 231
375 231
376 231
377 231
378 231
340 232
341 232
342 232
343 232
344 232
345 232
346 232
347 232
348 232
349 232
350 232
351 232
352 232
353 232
354 232
355 232
356 232
357 232
358 232
359 232
360 232
361 232
362 232
363 232
364 232
365 232
366 232
367 232
368 232
369 232
370 232
371 232
372 232
373 232
374 232
375 232
376 232
377 232
378 232
340 233
341 233
342 233
343 233
344 233
345 233
346 233
347 233
348 233
349 233
350 233
351 233
352 233
353 233
354 233
355 233
356 233
357 233
358 233
359 233
360 233
361 233
362 233
363 233
364 233
365 233
366 233
367 233
368 233
369 233
370 233
371 233
372 233
373 233
374 233
375 233
376 233
377 233
378 233
340 234
341 234
342 234
343 234
344 234
345 234
346 234
347 234
348 234
349 234
350 234
351 234
352 234
353 234
354 234
355 234
356 234
357 234
358 234
359 234
360 234
361 234
362 234
363 234
364 234
365 234
366 234
367 234
368 234
369 234
370 234
371 234
372 234
373 234
374 234
375 234
376 234
377 234
378 234
340 235
341 235
342 235
343 235
344 235
345 235
346 235
347 235
348 235
349 235
350 235
351 235
352 235
353 235
354 235
355 235
356 235
357 235
358 235
359 235
360 235
361 235
362 235
363 235
364 235
365 235
366 235
367 235
368 235
369 235
370 235
371 235
372 235
373 235
374 235
375 235
376 235
377 235
378 235
340 236
341 236
342 236
343 236
344 236
345 236
346 236
347 236
348 236
349 236
350 236
351 236
352 236
353 236
354 236
355 236
356 236
357 236
358 236
359 236
360 236
361 236
362 236
363 236
364 236
365 236
366 236
367 236
368 236
369 236
370 236
371 236
372 236
373 236
374 236
375 236
376 236
377 236
340 237
341 237
342 237
343 237
344 237
345 237
346 237
347 237
348 237
349 237
350 237
351 237
352 237
353 237
354 237
355 237
356 237
357 237
358 237
359 237
360 237
361 237
362 237
363 237
364 237
365 237
366 237
367 237
368 237
369 237
370 237
371 237
372 237
373 237
374 237
375 237
376 237
340 238
341 238
342 238
343 238
344 238
345 238
346 238
347 238
348 238
349 238
350 238
351 238
352 238
353 238
354 238
355 238
356 238
357 238
358 238
359 238
360 238
361 238
362 238
363 238
364 238
365 238
366 238
367 238
368 238
369 238
370 238
371 238
372 238
373 238
374 238
375 238
376 238
341 239
342 239
343 239
344 239
345 239
346 239
347 239
348 239
349 239
350 239
351 239
352 239
353 239
354 239
355 239
356 239
357 239
358 239
359 239
360 239
361 239
362 239
363 239
364 239
365 239
366 239
367 239
368 239
369 239
370 239
371 239
372 239
373 239
374 239
375 239
342 240
343 240
344 240
345 240
346 240
347 240
348 240
349 240
350 240
351 240
352 240
353 240
354 240
355 240
356 240
357 240
358 240
359 240
360 240
361 240
362 240
363 240
364 240
365 240
366 240
367 240
368 240
369 240
370 240
371 240
372 240
373 240
374 240
375 240
343 241
344 241
345 241
346 241
347 241
348 241
349 241
350 241
351 241
352 241
353 241
354 241
355 241
356 241
357 241
358 241
359 241
360 241
361 241
362 241
363 241
364 241
365 241
366 241
367 241
368 241
369 241
370 241
371 241
372 241
373 241
374 241
375 241
344 242
345 242
346 242
347 242
348 242
349 242
350 242
351 242
352 242
353 242
354 242
355 242
356 242
357 242
358 242
359 242
360 242
361 242
362 242
363 242
364 242
365 242
366 242
367 242
368 242
369 242
370 242
371 242
372 242
373 242
374 242
375 242
344 243
345 243
346 243
347 243
348 243
349 243
350 243
351 243
352 243
353 243
354 243
355 243
356 243
357 243
358 243
359 243
360 243
361 243
362 243
363 243
364 243
365 243
366 243
367 243
368 243
369 243
370 243
371 243
372 243
373 243
374 243
375 243
345 244
346 244
347 244
348 244
349 244
350 244
351 244
352 244
353 244
354 244
355 244
356 244
357 244
358 244
359 244
360 244
361 244
362 244
363 244
364 244
365 244
366 244
367 244
368 244
369 244
370 244
371 244
372 244
373 244
374 244
375 244
346 245
347 245
348 245
349 245
350 245
351 245
352 245
353 245
354 245
355 245
356 245
357 245
358 245
359 245
360 245
361 245
362 245
363 245
364 245
365 245
366 245
367 245
368 245
369 245
370 245
371 245
372 245
373 245
374 245
375 245
346 246
347 246
348 246
349 246
350 246
351 246
352 246
353 246
354 246
355 246
356 246
357 246
358 246
359 246
360 246
361 246
362 246
363 246
364 246
365 246
366 246
367 246
368 246
369 246
370 246
371 246
372 246
373 246
374 246
347 247
348 247
349 247
350 247
351 247
352 247
353 247
354 247
355 247
356 247
357 247
358 247
359 247
360 247
361 247
362 247
363 247
364 247
365 247
366 247
367 247
368 247
369 247
370 247
371 247
372 247
373 247
349 248
350 248
351 248
352 248
353 248
354 248
355 248
356 248
357 248
358 248
359 248
360 248
361 248
362 248
363 248
364 248
365 248
366 248
367 248
368 248
369 248
370 248
371 248
372 248
350 249
351 249
352 249
353 249
354 249
355 249
356 249
357 249
358 249
359 249
360 249
361 249
362 249
363 249
364 249
365 249
366 249
367 249
368 249
369 249
370 249
371 249
351 250
352 250
353 250
354 250
355 250
356 250
357 250
358 250
359 250
360 250
361 250
362 250
363 250
364 250
365 250
366 250
367 250
368 250
369 250
370 250
352 251
353 251
354 251
355 251
356 251
357 251
358 251
359 251
360 251
361 251
362 251
363 251
364 251
365 251
366 251
367 251
368 251
369 251
353 252
354 252
355 252
356 252
357 252
358 252
359 252
360 252
361 252
362 252
363 252
364 252
365 252
