353 180
354 180
355 180
356 180
357 180
358 180
359 180
360 180
361 180
362 180
363 180
364 180
365 180
366 180
352 181
353 181
354 181
355 181
356 181
357 181
358 181
359 181
360 181
361 181
362 181
363 181
364 181
365 181
366 181
367 181
352 182
353 182
354 182
355 182
356 182
357 182
358 182
359 182
360 182
361 182
362 182
363 182
364 182
365 182
366 182
367 182
352 183
353 183
354 183
355 183
356 183
357 183
358 183
359 183
360 183
361 183
362 183
363 183
364 183
365 183
366 183
367 183
352 184
353 184
354 184
355 184
356 184
357 184
358 184
359 184
360 184
361 184
362 184
363 184
364 184
365 184
366 184
367 184
352 185
353 185
354 185
355 185
356 185
357 185
358 185
359 185
360 185
361 185
362 185
363 185
364 185
365 185
366 185
367 185
352 186
353 186
354 186
355 186
356 186
357 186
358 186
359 186
360 186
361 186
362 186
363 186
364 186
365 186
366 186
367 186
352 187
353 187
354 187
355 187
356 187
357 187
358 187
359 187
360 187
361 187
362 187
363 187
364 187
365 187
366 187
367 187
352 188
353 188
354 188
355 188
356 188
357 188
358 188
359 188
360 188
361 188
362 188
363 188
364 188
365 188
366 188
367 188
352 189
353 189
354 189
355 189
356 189
357 189
358 189
359 189
360 189
361 189
362 189
363 189
364 189
365 189
366 189
367 189
352 190
353 190
354 190
355 190
356 190
357 190
358 190
359 190
360 190
361 190
362 190
363 190
364 190
365 190
366 190
367 190
352 191
353 191
354 191
355 191
356 191
357 191
358 191
359 191
360 191
361 191
362 191
363 191
364 191
365 191
366 191
352 192
353 192
354 192
355 192
356 192
357 192
358 192
359 192
360 192
361 192
362 192
363 192
364 192
365 192
352 193
353 193
354 193
355 193
356 193
357 193
358 193
359 193
360 193
361 193
362 193
363 193
364 193
352 194
353 194
354 194
355 194
356 194
357 194
358 194
359 194
360 194
361 194
362 194
363 194
352 195
353 195
354 195
355 195
356 195
357 195
358 195
359 195
360 195
361 195
362 195
363 195
352 196
353 196
354 196
355 196
356 196
357 196
358 196
359 196
360 196
361 196
362 196
363 196
352 197
353 197
354 197
355 197
356 197
357 197
358 197
359 197
360 197
361 197
362 197
352 198
353 198
354 198
355 198
356 198
357 198
358 198
359 198
360 198
361 198
362 198
352 199
353 199
354 199
355 199
356 199
357 199
358 199
359 199
360 199
361 199
352 200
353 200
354 200
355 200
356 200
357 200
358 200
359 200
360 200
352 201
353 201
354 201
355 201
356 201
357 201
358 201
359 201
352 202
353 202
354 202
355 202
356 202
357 202
358 202
359 202
353 203
354 203
355 203
356 203
357 203
358 203
