306 100
307 100
308 100
304 101
305 101
306 101
307 101
308 101
309 101
310 101
304 102
305 102
306 102
307 102
308 102
309 102
310 102
311 102
303 103
304 103
305 103
306 103
307 103
308 103
309 103
310 103
311 103
301 104
302 104
303 104
304 104
305 104
306 104
307 104
308 104
309 104
310 104
311 104
312 104
300 105
301 105
302 105
303 105
304 105
305 105
306 105
307 105
308 105
309 105
310 105
311 105
312 105
313 105
300 106
301 106
302 106
303 106
304 106
305 106
306 106
307 106
308 106
309 106
310 106
311 106
312 106
313 106
314 106
300 107
301 107
302 107
303 107
304 107
305 107
306 107
307 107
308 107
309 107
310 107
311 107
312 107
313 107
314 107
300 108
301 108
302 108
303 108
304 108
305 108
306 108
307 108
308 108
309 108
310 108
311 108
312 108
313 108
314 108
315 108
300 109
301 109
302 109
303 109
304 109
305 109
306 109
307 109
308 109
309 109
310 109
311 109
312 109
313 109
314 109
315 109
300 110
301 110
302 110
303 110
304 110
305 110
306 110
307 110
308 110
309 110
310 110
311 110
312 110
313 110
314 110
315 110
299 111
300 111
301 111
302 111
303 111
304 111
305 111
306 111
307 111
308 111
309 111
310 111
311 111
312 111
313 111
314 111
315 111
316 111
297 112
298 112
299 112
300 112
301 112
302 112
303 112
304 112
305 112
306 112
307 112
308 112
309 112
310 112
311 112
312 112
313 112
314 112
315 112
316 112
317 112
318 112
297 113
298 113
299 113
300 113
301 113
302 113
303 113
304 113
305 113
306 113
307 113
308 113
309 113
310 113
311 113
312 113
313 113
314 113
315 113
316 113
317 113
318 113
319 113
296 114
297 114
298 114
299 114
300 114
301 114
302 114
303 114
304 114
305 114
306 114
307 114
308 114
309 114
310 114
311 114
312 114
313 114
314 114
315 114
316 114
317 114
318 114
319 114
296 115
297 115
298 115
299 115
300 115
301 115
302 115
303 115
304 115
305 115
306 115
307 115
308 115
309 115
310 115
311 115
312 115
313 115
314 115
315 115
316 115
317 115
318 115
319 115
296 116
297 116
298 116
299 116
300 116
301 116
302 116
303 116
304 116
305 116
306 116
307 116
308 116
309 116
310 116
311 116
312 116
313 116
314 116
315 116
316 116
317 116
318 116
319 116
296 117
297 117
298 117
299 117
300 117
301 117
302 117
303 117
304 117
305 117
306 117
307 117
308 117
309 117
310 117
311 117
312 117
313 117
314 117
315 117
316 117
317 117
318 117
319 117
296 118
297 118
298 118
299 118
300 118
301 118
302 118
303 118
304 118
305 118
306 118
307 118
308 118
309 118
310 118
311 118
312 118
313 118
314 118
315 118
316 118
317 118
318 118
319 118
296 119
297 119
298 119
299 119
300 119
301 119
302 119
303 119
304 119
305 119
306 119
307 119
308 119
309 119
310 119
311 119
312 119
313 119
314 119
315 119
316 119
317 119
318 119
319 119
320 119
296 120
297 120
298 120
299 120
300 120
301 120
302 120
303 120
304 120
305 120
306 120
307 120
308 120
309 120
310 120
311 120
312 120
313 120
314 120
315 120
316 120
317 120
318 120
319 120
320 120
296 121
297 121
298 121
299 121
300 121
301 121
302 121
303 121
304 121
305 121
306 121
307 121
308 121
309 121
310 121
311 121
312 121
313 121
314 121
315 121
316 121
317 121
318 121
319 121
320 121
321 121
296 122
297 122
298 122
299 122
300 122
301 122
302 122
303 122
304 122
305 122
306 122
307 122
308 122
309 122
310 122
311 122
312 122
313 122
314 122
315 122
316 122
317 122
318 122
319 122
320 122
321 122
322 122
296 123
297 123
298 123
299 123
300 123
301 123
302 123
303 123
304 123
305 123
306 123
307 123
308 123
309 123
310 123
311 123
312 123
313 123
314 123
315 123
316 123
317 123
318 123
319 123
320 123
321 123
322 123
296 124
297 124
298 124
299 124
300 124
301 124
302 124
303 124
304 124
305 124
306 124
307 124
308 124
309 124
310 124
311 124
312 124
313 124
314 124
315 124
316 124
317 124
318 124
319 124
320 124
321 124
322 124
323 124
296 125
297 125
298 125
299 125
300 125
301 125
302 125
303 125
304 125
305 125
306 125
307 125
308 125
309 125
310 125
311 125
312 125
313 125
314 125
315 125
316 125
317 125
318 125
319 125
320 125
321 125
322 125
323 125
296 126
297 126
298 126
299 126
300 126
301 126
302 126
303 126
304 126
305 126
306 126
307 126
308 126
309 126
310 126
311 126
312 126
313 126
314 126
315 126
316 126
317 126
318 126
319 126
320 126
321 126
322 126
323 126
296 127
297 127
298 127
299 127
300 127
301 127
302 127
303 127
304 127
305 127
306 127
307 127
308 127
309 127
310 127
311 127
312 127
313 127
314 127
315 127
316 127
317 127
318 127
319 127
320 127
321 127
322 127
323 127
296 128
297 128
298 128
299 128
300 128
301 128
302 128
303 128
304 128
305 128
306 128
307 128
308 128
309 128
310 128
311 128
312 128
313 128
314 128
315 128
316 128
317 128
318 128
319 128
320 128
321 128
322 128
323 128
296 129
297 129
298 129
299 129
300 129
301 129
302 129
303 129
304 129
305 129
306 129
307 129
308 129
309 129
310 129
311 129
312 129
313 129
314 129
315 129
316 129
317 129
318 129
319 129
320 129
321 129
322 129
323 129
296 130
297 130
298 130
299 130
300 130
301 130
302 130
303 130
304 130
305 130
306 130
307 130
308 130
309 130
310 130
311 130
312 130
313 130
314 130
315 130
316 130
317 130
318 130
319 130
320 130
321 130
322 130
323 130
296 131
297 131
298 131
299 131
300 131
301 131
302 131
303 131
304 131
305 131
306 131
307 131
308 131
309 131
310 131
311 131
312 131
313 131
314 131
315 131
316 131
317 131
318 131
319 131
320 131
321 131
322 131
323 131
296 132
297 132
298 132
299 132
300 132
301 132
302 132
303 132
304 132
305 132
306 132
307 132
308 132
309 132
310 132
311 132
312 132
313 132
314 132
315 132
316 132
317 132
318 132
319 132
320 132
321 132
322 132
323 132
296 133
297 133
298 133
299 133
300 133
301 133
302 133
303 133
304 133
305 133
306 133
307 133
308 133
309 133
310 133
311 133
312 133
313 133
314 133
315 133
316 133
317 133
318 133
319 133
320 133
321 133
322 133
323 133
296 134
297 134
298 134
299 134
300 134
301 134
302 134
303 134
304 134
305 134
306 134
307 134
308 134
309 134
310 134
311 134
312 134
313 134
314 134
315 134
316 134
317 134
318 134
319 134
320 134
321 134
322 134
323 134
296 135
297 135
298 135
299 135
300 135
301 135
302 135
303 135
304 135
305 135
306 135
307 135
308 135
309 135
310 135
311 135
312 135
313 135
314 135
315 135
316 135
317 135
318 135
319 135
320 135
321 135
322 135
323 135
296 136
297 136
298 136
299 136
300 136
301 136
302 136
303 136
304 136
305 136
306 136
307 136
308 136
309 136
310 136
311 136
312 136
313 136
314 136
315 136
316 136
317 136
318 136
319 136
320 136
321 136
322 136
323 136
296 137
297 137
298 137
299 137
300 137
301 137
302 137
303 137
304 137
305 137
306 137
307 137
308 137
309 137
310 137
311 137
312 137
313 137
314 137
315 137
316 137
317 137
318 137
319 137
320 137
321 137
322 137
323 137
296 138
297 138
298 138
299 138
300 138
301 138
302 138
303 138
304 138
305 138
306 138
307 138
308 138
309 138
310 138
311 138
312 138
313 138
314 138
315 138
316 138
317 138
318 138
319 138
320 138
321 138
322 138
323 138
296 139
297 139
298 139
299 139
300 139
301 139
302 139
303 139
304 139
305 139
306 139
307 139
308 139
309 139
310 139
311 139
312 139
313 139
314 139
315 139
316 139
317 139
318 139
319 139
320 139
321 139
322 139
323 139
296 140
297 140
298 140
299 140
300 140
301 140
302 140
303 140
304 140
305 140
306 140
307 140
308 140
309 140
310 140
311 140
312 140
313 140
314 140
315 140
316 140
317 140
318 140
319 140
320 140
321 140
322 140
323 140
297 141
298 141
299 141
300 141
301 141
302 141
303 141
304 141
305 141
306 141
307 141
308 141
309 141
310 141
311 141
312 141
313 141
314 141
315 141
316 141
317 141
318 141
319 141
320 141
321 141
322 141
323 141
297 142
298 142
299 142
300 142
301 142
302 142
303 142
304 142
305 142
306 142
307 142
308 142
309 142
310 142
311 142
312 142
313 142
314 142
315 142
316 142
317 142
318 142
319 142
320 142
321 142
322 142
323 142
298 143
299 143
300 143
301 143
302 143
303 143
304 143
305 143
306 143
307 143
308 143
309 143
310 143
311 143
312 143
313 143
314 143
315 143
316 143
317 143
318 143
319 143
320 143
321 143
322 143
299 144
300 144
301 144
302 144
303 144
304 144
305 144
306 144
307 144
308 144
309 144
310 144
311 144
312 144
313 144
314 144
315 144
316 144
317 144
318 144
319 144
320 144
321 144
300 145
301 145
302 145
303 145
304 145
305 145
306 145
307 145
308 145
309 145
310 145
311 145
312 145
313 145
314 145
315 145
316 145
317 145
318 145
319 145
320 145
321 145
300 146
301 146
302 146
303 146
304 146
305 146
306 146
307 146
308 146
309 146
310 146
311 146
312 146
313 146
314 146
315 146
316 146
317 146
318 146
319 146
320 146
300 147
301 147
302 147
303 147
304 147
305 147
306 147
307 147
308 147
309 147
310 147
311 147
312 147
313 147
314 147
315 147
316 147
317 147
318 147
319 147
320 147
300 148
301 148
302 148
303 148
304 148
305 148
306 148
307 148
308 148
309 148
310 148
311 148
312 148
313 148
314 148
315 148
316 148
317 148
318 148
319 148
300 149
301 149
302 149
303 149
304 149
305 149
306 149
307 149
308 149
309 149
310 149
311 149
312 149
313 149
314 149
315 149
316 149
317 149
318 149
319 149
300 150
301 150
302 150
303 150
304 150
305 150
306 150
307 150
308 150
309 150
310 150
311 150
312 150
313 150
314 150
315 150
316 150
317 150
318 150
319 150
300 151
301 151
302 151
303 151
304 151
305 151
306 151
307 151
308 151
309 151
310 151
311 151
312 151
313 151
314 151
315 151
316 151
317 151
318 151
319 151
300 152
301 152
302 152
303 152
304 152
305 152
306 152
307 152
308 152
309 152
310 152
311 152
312 152
313 152
314 152
315 152
316 152
317 152
318 152
319 152
299 153
300 153
301 153
302 153
303 153
304 153
305 153
306 153
307 153
308 153
309 153
310 153
311 153
312 153
313 153
314 153
315 153
316 153
317 153
318 153
319 153
300 154
301 154
302 154
303 154
304 154
305 154
306 154
307 154
308 154
309 154
310 154
311 154
312 154
313 154
314 154
315 154
316 154
317 154
318 154
319 154
300 155
301 155
302 155
303 155
304 155
305 155
306 155
307 155
308 155
309 155
310 155
311 155
312 155
313 155
314 155
315 155
316 155
317 155
318 155
301 156
302 156
303 156
304 156
305 156
306 156
307 156
308 156
309 156
310 156
311 156
312 156
313 156
314 156
315 156
316 156
302 157
303 157
304 157
305 157
306 157
307 157
308 157
309 157
310 157
311 157
312 157
313 157
314 157
315 157
303 158
304 158
305 158
306 158
307 158
308 158
309 158
310 158
311 158
312 158
313 158
314 158
315 158
303 159
304 159
305 159
306 159
307 159
308 159
309 159
310 159
311 159
312 159
313 159
314 159
315 159
303 160
304 160
305 160
306 160
307 160
308 160
309 160
310 160
311 160
312 160
313 160
314 160
315 160
304 161
305 161
306 161
307 161
308 161
309 161
310 161
311 161
312 161
313 161
314 161
315 161
304 162
305 162
306 162
307 162
308 162
309 162
310 162
311 162
312 162
313 162
314 162
304 163
305 163
306 163
307 163
308 163
309 163
310 163
311 163
312 163
313 163
305 164
306 164
307 164
308 164
309 164
310 164
311 164
312 164
305 165
306 165
307 165
308 165
309 165
310 165
311 165
306 166
307 166
308 166
309 166
310 166
311 166
308 167
309 167
310 167
