245 240
246 240
247 240
248 240
249 240
250 240
251 240
252 240
253 240
254 240
255 240
244 241
245 241
246 241
247 241
248 241
249 241
250 241
251 241
252 241
253 241
254 241
255 241
256 241
257 241
258 241
243 242
244 242
245 242
246 242
247 242
248 242
249 242
250 242
251 242
252 242
253 242
254 242
255 242
256 242
257 242
258 242
259 242
241 243
242 243
243 243
244 243
245 243
246 243
247 243
248 243
249 243
250 243
251 243
252 243
253 243
254 243
255 243
256 243
257 243
258 243
259 243
260 243
240 244
241 244
242 244
243 244
244 244
245 244
246 244
247 244
248 244
249 244
250 244
251 244
252 244
253 244
254 244
255 244
256 244
257 244
258 244
259 244
260 244
261 244
262 244
239 245
240 245
241 245
242 245
243 245
244 245
245 245
246 245
247 245
248 245
249 245
250 245
251 245
252 245
253 245
254 245
255 245
256 245
257 245
258 245
259 245
260 245
261 245
262 245
239 246
240 246
241 246
242 246
243 246
244 246
245 246
246 246
247 246
248 246
249 246
250 246
251 246
252 246
253 246
254 246
255 246
256 246
257 246
258 246
259 246
260 246
261 246
262 246
263 246
237 247
238 247
239 247
240 247
241 247
242 247
243 247
244 247
245 247
246 247
247 247
248 247
249 247
250 247
251 247
252 247
253 247
254 247
255 247
256 247
257 247
258 247
259 247
260 247
261 247
262 247
263 247
237 248
238 248
239 248
240 248
241 248
242 248
243 248
244 248
245 248
246 248
247 248
248 248
249 248
250 248
251 248
252 248
253 248
254 248
255 248
256 248
257 248
258 248
259 248
260 248
261 248
262 248
263 248
236 249
237 249
238 249
239 249
240 249
241 249
242 249
243 249
244 249
245 249
246 249
247 249
248 249
249 249
250 249
251 249
252 249
253 249
254 249
255 249
256 249
257 249
258 249
259 249
260 249
261 249
262 249
263 249
236 250
237 250
238 250
239 250
240 250
241 250
242 250
243 250
244 250
245 250
246 250
247 250
248 250
249 250
250 250
251 250
252 250
253 250
254 250
255 250
256 250
257 250
258 250
259 250
260 250
261 250
262 250
263 250
235 251
236 251
237 251
238 251
239 251
240 251
241 251
242 251
243 251
244 251
245 251
246 251
247 251
248 251
249 251
250 251
251 251
252 251
253 251
254 251
255 251
256 251
257 251
258 251
259 251
260 251
261 251
262 251
263 251
234 252
235 252
236 252
237 252
238 252
239 252
240 252
241 252
242 252
243 252
244 252
245 252
246 252
247 252
248 252
249 252
250 252
251 252
252 252
253 252
254 252
255 252
256 252
257 252
258 252
259 252
260 252
261 252
262 252
263 252
233 253
234 253
235 253
236 253
237 253
238 253
239 253
240 253
241 253
242 253
243 253
244 253
245 253
246 253
247 253
248 253
249 253
250 253
251 253
252 253
253 253
254 253
255 253
256 253
257 253
258 253
259 253
260 253
261 253
262 253
263 253
233 254
234 254
235 254
236 254
237 254
238 254
239 254
240 254
241 254
242 254
243 254
244 254
245 254
246 254
247 254
248 254
249 254
250 254
251 254
252 254
253 254
254 254
255 254
256 254
257 254
258 254
259 254
260 254
261 254
262 254
263 254
232 255
233 255
234 255
235 255
236 255
237 255
238 255
239 255
240 255
241 255
242 255
243 255
244 255
245 255
246 255
247 255
248 255
249 255
250 255
251 255
252 255
253 255
254 255
255 255
256 255
257 255
258 255
259 255
260 255
261 255
262 255
263 255
232 256
233 256
234 256
235 256
236 256
237 256
238 256
239 256
240 256
241 256
242 256
243 256
244 256
245 256
246 256
247 256
248 256
249 256
250 256
251 256
252 256
253 256
254 256
255 256
256 256
257 256
258 256
259 256
260 256
261 256
262 256
263 256
232 257
233 257
234 257
235 257
236 257
237 257
238 257
239 257
240 257
241 257
242 257
243 257
244 257
245 257
246 257
247 257
248 257
249 257
250 257
251 257
252 257
253 257
254 257
255 257
256 257
257 257
258 257
259 257
260 257
261 257
262 257
263 257
232 258
233 258
234 258
235 258
236 258
237 258
238 258
239 258
240 258
241 258
242 258
243 258
244 258
245 258
246 258
247 258
248 258
249 258
250 258
251 258
252 258
253 258
254 258
255 258
256 258
257 258
258 258
259 258
260 258
261 258
262 258
263 258
232 259
233 259
234 259
235 259
236 259
237 259
238 259
239 259
240 259
241 259
242 259
243 259
244 259
245 259
246 259
247 259
248 259
249 259
250 259
251 259
252 259
253 259
254 259
255 259
256 259
257 259
258 259
259 259
260 259
261 259
262 259
263 259
232 260
233 260
234 260
235 260
236 260
237 260
238 260
239 260
240 260
241 260
242 260
243 260
244 260
245 260
246 260
247 260
248 260
249 260
250 260
251 260
252 260
253 260
254 260
255 260
256 260
257 260
258 260
259 260
260 260
261 260
262 260
263 260
232 261
233 261
234 261
235 261
236 261
237 261
238 261
239 261
240 261
241 261
242 261
243 261
244 261
245 261
246 261
247 261
248 261
249 261
250 261
251 261
252 261
253 261
254 261
255 261
256 261
257 261
258 261
259 261
260 261
261 261
262 261
263 261
232 262
233 262
234 262
235 262
236 262
237 262
238 262
239 262
240 262
241 262
242 262
243 262
244 262
245 262
246 262
247 262
248 262
249 262
250 262
251 262
252 262
253 262
254 262
255 262
256 262
257 262
258 262
259 262
260 262
261 262
262 262
263 262
232 263
233 263
234 263
235 263
236 263
237 263
238 263
239 263
240 263
241 263
242 263
243 263
244 263
245 263
246 263
247 263
248 263
249 263
250 263
251 263
252 263
253 263
254 263
255 263
256 263
257 263
258 263
259 263
260 263
261 263
262 263
263 263
232 264
233 264
234 264
235 264
236 264
237 264
238 264
239 264
240 264
241 264
242 264
243 264
244 264
245 264
246 264
247 264
248 264
249 264
250 264
251 264
252 264
253 264
254 264
255 264
256 264
257 264
258 264
259 264
260 264
261 264
262 264
232 265
233 265
234 265
235 265
236 265
237 265
238 265
239 265
240 265
241 265
242 265
243 265
244 265
245 265
246 265
247 265
248 265
249 265
250 265
251 265
252 265
253 265
254 265
255 265
256 265
257 265
258 265
259 265
260 265
261 265
262 265
232 266
233 266
234 266
235 266
236 266
237 266
238 266
239 266
240 266
241 266
242 266
243 266
244 266
245 266
246 266
247 266
248 266
249 266
250 266
251 266
252 266
253 266
254 266
255 266
256 266
257 266
258 266
259 266
260 266
261 266
232 267
233 267
234 267
235 267
236 267
237 267
238 267
239 267
240 267
241 267
242 267
243 267
244 267
245 267
246 267
247 267
248 267
249 267
250 267
251 267
252 267
253 267
254 267
255 267
256 267
257 267
258 267
259 267
260 267
232 268
233 268
234 268
235 268
236 268
237 268
238 268
239 268
240 268
241 268
242 268
243 268
244 268
245 268
246 268
247 268
248 268
249 268
250 268
251 268
252 268
253 268
254 268
255 268
256 268
257 268
258 268
259 268
260 268
232 269
233 269
234 269
235 269
236 269
237 269
238 269
239 269
240 269
241 269
242 269
243 269
244 269
245 269
246 269
247 269
248 269
249 269
250 269
251 269
252 269
253 269
254 269
255 269
256 269
257 269
258 269
259 269
232 270
233 270
234 270
235 270
236 270
237 270
238 270
239 270
240 270
241 270
242 270
243 270
244 270
245 270
246 270
247 270
248 270
249 270
250 270
251 270
252 270
253 270
254 270
255 270
256 270
257 270
258 270
259 270
232 271
233 271
234 271
235 271
236 271
237 271
238 271
239 271
240 271
241 271
242 271
243 271
244 271
245 271
246 271
247 271
248 271
249 271
250 271
251 271
252 271
253 271
254 271
255 271
256 271
257 271
258 271
259 271
232 272
233 272
234 272
235 272
236 272
237 272
238 272
239 272
240 272
241 272
242 272
243 272
244 272
245 272
246 272
247 272
248 272
249 272
250 272
251 272
252 272
253 272
254 272
255 272
256 272
257 272
258 272
259 272
232 273
233 273
234 273
235 273
236 273
237 273
238 273
239 273
240 273
241 273
242 273
243 273
244 273
245 273
246 273
247 273
248 273
249 273
250 273
251 273
252 273
253 273
254 273
255 273
256 273
257 273
258 273
232 274
233 274
234 274
235 274
236 274
237 274
238 274
239 274
240 274
241 274
242 274
243 274
244 274
245 274
246 274
247 274
248 274
249 274
250 274
251 274
252 274
253 274
254 274
255 274
256 274
257 274
258 274
232 275
233 275
234 275
235 275
236 275
237 275
238 275
239 275
240 275
241 275
242 275
243 275
244 275
245 275
246 275
247 275
248 275
249 275
250 275
251 275
252 275
253 275
254 275
255 275
256 275
257 275
232 276
233 276
234 276
235 276
236 276
237 276
238 276
239 276
240 276
241 276
242 276
243 276
244 276
245 276
246 276
247 276
248 276
249 276
250 276
251 276
252 276
253 276
254 276
255 276
256 276
232 277
233 277
234 277
235 277
236 277
237 277
238 277
239 277
240 277
241 277
242 277
243 277
244 277
245 277
246 277
247 277
248 277
249 277
250 277
251 277
252 277
253 277
254 277
255 277
256 277
232 278
233 278
234 278
235 278
236 278
237 278
238 278
239 278
240 278
241 278
242 278
243 278
244 278
245 278
246 278
247 278
248 278
249 278
250 278
251 278
252 278
253 278
254 278
255 278
232 279
233 279
234 279
235 279
236 279
237 279
238 279
239 279
240 279
241 279
242 279
243 279
244 279
245 279
246 279
247 279
248 279
249 279
250 279
251 279
252 279
253 279
254 279
233 280
234 280
235 280
236 280
237 280
238 280
239 280
240 280
241 280
242 280
243 280
244 280
245 280
246 280
247 280
248 280
249 280
250 280
251 280
252 280
253 280
233 281
234 281
235 281
236 281
237 281
238 281
239 281
240 281
241 281
242 281
243 281
244 281
245 281
246 281
247 281
248 281
249 281
250 281
251 281
252 281
234 282
235 282
236 282
237 282
238 282
239 282
240 282
241 282
242 282
243 282
244 282
245 282
246 282
247 282
248 282
249 282
250 282
251 282
236 283
237 283
238 283
239 283
240 283
241 283
242 283
243 283
244 283
245 283
246 283
247 283
248 283
249 283
250 283
237 284
238 284
239 284
240 284
241 284
242 284
243 284
244 284
245 284
246 284
247 284
248 284
249 284
240 285
241 285
242 285
243 285
244 285
245 285
246 285
241 286
242 286
243 286
244 286
