234 240
235 240
236 240
237 240
238 240
239 240
240 240
241 240
242 240
243 240
244 240
245 240
246 240
247 240
248 240
249 240
250 240
233 241
234 241
235 241
236 241
237 241
238 241
239 241
240 241
241 241
242 241
243 241
244 241
245 241
246 241
247 241
248 241
249 241
250 241
251 241
252 241
232 242
233 242
234 242
235 242
236 242
237 242
238 242
239 242
240 242
241 242
242 242
243 242
244 242
245 242
246 242
247 242
248 242
249 242
250 242
251 242
252 242
231 243
232 243
233 243
234 243
235 243
236 243
237 243
238 243
239 243
240 243
241 243
242 243
243 243
244 243
245 243
246 243
247 243
248 243
249 243
250 243
251 243
252 243
253 243
230 244
231 244
232 244
233 244
234 244
235 244
236 244
237 244
238 244
239 244
240 244
241 244
242 244
243 244
244 244
245 244
246 244
247 244
248 244
249 244
250 244
251 244
252 244
253 244
254 244
229 245
230 245
231 245
232 245
233 245
234 245
235 245
236 245
237 245
238 245
239 245
240 245
241 245
242 245
243 245
244 245
245 245
246 245
247 245
248 245
249 245
250 245
251 245
252 245
253 245
254 245
255 245
229 246
230 246
231 246
232 246
233 246
234 246
235 246
236 246
237 246
238 246
239 246
240 246
241 246
242 246
243 246
244 246
245 246
246 246
247 246
248 246
249 246
250 246
251 246
252 246
253 246
254 246
255 246
228 247
229 247
230 247
231 247
232 247
233 247
234 247
235 247
236 247
237 247
238 247
239 247
240 247
241 247
242 247
243 247
244 247
245 247
246 247
247 247
248 247
249 247
250 247
251 247
252 247
253 247
254 247
255 247
228 248
229 248
230 248
231 248
232 248
233 248
234 248
235 248
236 248
237 248
238 248
239 248
240 248
241 248
242 248
243 248
244 248
245 248
246 248
247 248
248 248
249 248
250 248
251 248
252 248
253 248
254 248
255 248
228 249
229 249
230 249
231 249
232 249
233 249
234 249
235 249
236 249
237 249
238 249
239 249
240 249
241 249
242 249
243 249
244 249
245 249
246 249
247 249
248 249
249 249
250 249
251 249
252 249
253 249
254 249
255 249
228 250
229 250
230 250
231 250
232 250
233 250
234 250
235 250
236 250
237 250
238 250
239 250
240 250
241 250
242 250
243 250
244 250
245 250
246 250
247 250
248 250
249 250
250 250
251 250
252 250
253 250
254 250
255 250
228 251
229 251
230 251
231 251
232 251
233 251
234 251
235 251
236 251
237 251
238 251
239 251
240 251
241 251
242 251
243 251
244 251
245 251
246 251
247 251
248 251
249 251
250 251
251 251
252 251
253 251
254 251
255 251
228 252
229 252
230 252
231 252
232 252
233 252
234 252
235 252
236 252
237 252
238 252
239 252
240 252
241 252
242 252
243 252
244 252
245 252
246 252
247 252
248 252
249 252
250 252
251 252
252 252
253 252
254 252
255 252
228 253
229 253
230 253
231 253
232 253
233 253
234 253
235 253
236 253
237 253
238 253
239 253
240 253
241 253
242 253
243 253
244 253
245 253
246 253
247 253
248 253
249 253
250 253
251 253
252 253
253 253
254 253
255 253
228 254
229 254
230 254
231 254
232 254
233 254
234 254
235 254
236 254
237 254
238 254
239 254
240 254
241 254
242 254
243 254
244 254
245 254
246 254
247 254
248 254
249 254
250 254
251 254
252 254
253 254
254 254
255 254
228 255
229 255
230 255
231 255
232 255
233 255
234 255
235 255
236 255
237 255
238 255
239 255
240 255
241 255
242 255
243 255
244 255
245 255
246 255
247 255
248 255
249 255
250 255
251 255
252 255
253 255
254 255
255 255
228 256
229 256
230 256
231 256
232 256
233 256
234 256
235 256
236 256
237 256
238 256
239 256
240 256
241 256
242 256
243 256
244 256
245 256
246 256
247 256
248 256
249 256
250 256
251 256
252 256
253 256
254 256
255 256
228 257
229 257
230 257
231 257
232 257
233 257
234 257
235 257
236 257
237 257
238 257
239 257
240 257
241 257
242 257
243 257
244 257
245 257
246 257
247 257
248 257
249 257
250 257
251 257
252 257
253 257
254 257
255 257
256 257
228 258
229 258
230 258
231 258
232 258
233 258
234 258
235 258
236 258
237 258
238 258
239 258
240 258
241 258
242 258
243 258
244 258
245 258
246 258
247 258
248 258
249 258
250 258
251 258
252 258
253 258
254 258
255 258
256 258
229 259
230 259
231 259
232 259
233 259
234 259
235 259
236 259
237 259
238 259
239 259
240 259
241 259
242 259
243 259
244 259
245 259
246 259
247 259
248 259
249 259
250 259
251 259
252 259
253 259
254 259
255 259
256 259
230 260
231 260
232 260
233 260
234 260
235 260
236 260
237 260
238 260
239 260
240 260
241 260
242 260
243 260
244 260
245 260
246 260
247 260
248 260
249 260
250 260
251 260
252 260
253 260
254 260
255 260
256 260
231 261
232 261
233 261
234 261
235 261
236 261
237 261
238 261
239 261
240 261
241 261
242 261
243 261
244 261
245 261
246 261
247 261
248 261
249 261
250 261
251 261
252 261
253 261
254 261
255 261
256 261
257 261
232 262
233 262
234 262
235 262
236 262
237 262
238 262
239 262
240 262
241 262
242 262
243 262
244 262
245 262
246 262
247 262
248 262
249 262
250 262
251 262
252 262
253 262
254 262
255 262
256 262
257 262
233 263
234 263
235 263
236 263
237 263
238 263
239 263
240 263
241 263
242 263
243 263
244 263
245 263
246 263
247 263
248 263
249 263
250 263
251 263
252 263
253 263
254 263
255 263
256 263
257 263
234 264
235 264
236 264
237 264
238 264
239 264
240 264
241 264
242 264
243 264
244 264
245 264
246 264
247 264
248 264
249 264
250 264
251 264
252 264
253 264
254 264
255 264
256 264
257 264
235 265
236 265
237 265
238 265
239 265
240 265
241 265
242 265
243 265
244 265
245 265
246 265
247 265
248 265
249 265
250 265
251 265
252 265
253 265
254 265
255 265
256 265
257 265
258 265
236 266
237 266
238 266
239 266
240 266
241 266
242 266
243 266
244 266
245 266
246 266
247 266
248 266
249 266
250 266
251 266
252 266
253 266
254 266
255 266
256 266
257 266
237 267
238 267
239 267
240 267
241 267
242 267
243 267
244 267
245 267
246 267
247 267
248 267
249 267
250 267
251 267
252 267
253 267
254 267
255 267
256 267
257 267
238 268
239 268
240 268
241 268
242 268
243 268
244 268
245 268
246 268
247 268
248 268
249 268
250 268
251 268
252 268
253 268
254 268
255 268
256 268
239 269
240 269
241 269
242 269
243 269
244 269
245 269
246 269
247 269
248 269
249 269
250 269
251 269
252 269
253 269
254 269
255 269
256 269
240 270
241 270
242 270
243 270
244 270
245 270
246 270
247 270
248 270
249 270
250 270
251 270
252 270
253 270
254 270
255 270
241 271
242 271
243 271
244 271
245 271
246 271
247 271
248 271
249 271
250 271
251 271
252 271
253 271
254 271
243 272
244 272
245 272
246 272
247 272
248 272
249 272
250 272
251 272
252 272
253 272
245 273
246 273
247 273
248 273
249 273
250 273
251 273
246 274
247 274
248 274
249 274
