285 260
286 260
282 261
283 261
284 261
285 261
286 261
287 261
288 261
289 261
281 262
282 262
283 262
284 262
285 262
286 262
287 262
288 262
289 262
290 262
280 263
281 263
282 263
283 263
284 263
285 263
286 263
287 263
288 263
289 263
290 263
280 264
281 264
282 264
283 264
284 264
285 264
286 264
287 264
288 264
289 264
280 265
281 265
282 265
283 265
284 265
285 265
286 265
287 265
288 265
289 265
280 266
281 266
282 266
283 266
284 266
285 266
286 266
287 266
288 266
289 266
290 266
279 267
280 267
281 267
282 267
283 267
284 267
285 267
286 267
287 267
288 267
289 267
290 267
279 268
280 268
281 268
282 268
283 268
284 268
285 268
286 268
287 268
288 268
289 268
290 268
279 269
280 269
281 269
282 269
283 269
284 269
285 269
286 269
287 269
288 269
289 269
290 269
278 270
279 270
280 270
281 270
282 270
283 270
284 270
285 270
286 270
287 270
288 270
289 270
290 270
278 271
279 271
280 271
281 271
282 271
283 271
284 271
285 271
286 271
287 271
288 271
289 271
290 271
277 272
278 272
279 272
280 272
281 272
282 272
283 272
284 272
285 272
286 272
287 272
288 272
289 272
290 272
291 272
277 273
278 273
279 273
280 273
281 273
282 273
283 273
284 273
285 273
286 273
287 273
288 273
289 273
290 273
291 273
277 274
278 274
279 274
280 274
281 274
282 274
283 274
284 274
285 274
286 274
287 274
288 274
289 274
290 274
291 274
277 275
278 275
279 275
280 275
281 275
282 275
283 275
284 275
285 275
286 275
287 275
288 275
289 275
290 275
291 275
276 276
277 276
278 276
279 276
280 276
281 276
282 276
283 276
284 276
285 276
286 276
287 276
288 276
289 276
290 276
291 276
276 277
277 277
278 277
279 277
280 277
281 277
282 277
283 277
284 277
285 277
286 277
287 277
288 277
289 277
290 277
291 277
276 278
277 278
278 278
279 278
280 278
281 278
282 278
283 278
284 278
285 278
286 278
287 278
288 278
289 278
290 278
291 278
276 279
277 279
278 279
279 279
280 279
281 279
282 279
283 279
284 279
285 279
286 279
287 279
288 279
289 279
290 279
291 279
292 279
276 280
277 280
278 280
279 280
280 280
281 280
282 280
283 280
284 280
285 280
286 280
287 280
288 280
289 280
290 280
291 280
292 280
276 281
277 281
278 281
279 281
280 281
281 281
282 281
283 281
284 281
285 281
286 281
287 281
288 281
289 281
290 281
291 281
292 281
293 281
276 282
277 282
278 282
279 282
280 282
281 282
282 282
283 282
284 282
285 282
286 282
287 282
288 282
289 282
290 282
291 282
292 282
293 282
276 283
277 283
278 283
279 283
280 283
281 283
282 283
283 283
284 283
285 283
286 283
287 283
288 283
289 283
290 283
291 283
292 283
293 283
294 283
276 284
277 284
278 284
279 284
280 284
281 284
282 284
283 284
284 284
285 284
286 284
287 284
288 284
289 284
290 284
291 284
292 284
293 284
294 284
276 285
277 285
278 285
279 285
280 285
281 285
282 285
283 285
284 285
285 285
286 285
287 285
288 285
289 285
290 285
291 285
292 285
293 285
294 285
276 286
277 286
278 286
279 286
280 286
281 286
282 286
283 286
284 286
285 286
286 286
287 286
288 286
289 286
290 286
291 286
292 286
293 286
294 286
276 287
277 287
278 287
279 287
280 287
281 287
282 287
283 287
284 287
285 287
286 287
287 287
288 287
289 287
290 287
291 287
292 287
293 287
294 287
295 287
276 288
277 288
278 288
279 288
280 288
281 288
282 288
283 288
284 288
285 288
286 288
287 288
288 288
289 288
290 288
291 288
292 288
293 288
294 288
295 288
276 289
277 289
278 289
279 289
280 289
281 289
282 289
283 289
284 289
285 289
286 289
287 289
288 289
289 289
290 289
291 289
292 289
293 289
294 289
295 289
276 290
277 290
278 290
279 290
280 290
281 290
282 290
283 290
284 290
285 290
286 290
287 290
288 290
289 290
290 290
291 290
292 290
293 290
294 290
295 290
276 291
277 291
278 291
279 291
280 291
281 291
282 291
283 291
284 291
285 291
286 291
287 291
288 291
289 291
290 291
291 291
292 291
293 291
294 291
295 291
276 292
277 292
278 292
279 292
280 292
281 292
282 292
283 292
284 292
285 292
286 292
287 292
288 292
289 292
290 292
291 292
292 292
293 292
294 292
295 292
276 293
277 293
278 293
279 293
280 293
281 293
282 293
283 293
284 293
285 293
286 293
287 293
288 293
289 293
290 293
291 293
292 293
293 293
294 293
295 293
276 294
277 294
278 294
279 294
280 294
281 294
282 294
283 294
284 294
285 294
286 294
287 294
288 294
289 294
290 294
291 294
292 294
293 294
294 294
295 294
276 295
277 295
278 295
279 295
280 295
281 295
282 295
283 295
284 295
285 295
286 295
287 295
288 295
289 295
290 295
291 295
292 295
293 295
294 295
276 296
277 296
278 296
279 296
280 296
281 296
282 296
283 296
284 296
285 296
286 296
287 296
288 296
289 296
290 296
291 296
292 296
293 296
294 296
276 297
277 297
278 297
279 297
280 297
281 297
282 297
283 297
284 297
285 297
286 297
287 297
288 297
289 297
290 297
291 297
292 297
293 297
294 297
276 298
277 298
278 298
279 298
280 298
281 298
282 298
283 298
284 298
285 298
286 298
287 298
288 298
289 298
290 298
291 298
292 298
293 298
294 298
276 299
277 299
278 299
279 299
280 299
281 299
282 299
283 299
284 299
285 299
286 299
287 299
288 299
289 299
290 299
291 299
292 299
293 299
294 299
276 300
277 300
278 300
279 300
280 300
281 300
282 300
283 300
284 300
285 300
286 300
287 300
288 300
289 300
290 300
291 300
292 300
293 300
294 300
276 301
277 301
278 301
279 301
280 301
281 301
282 301
283 301
284 301
285 301
286 301
287 301
288 301
289 301
290 301
291 301
292 301
293 301
276 302
277 302
278 302
279 302
280 302
281 302
282 302
283 302
284 302
285 302
286 302
287 302
288 302
289 302
290 302
291 302
292 302
293 302
276 303
277 303
278 303
279 303
280 303
281 303
282 303
283 303
284 303
285 303
286 303
287 303
288 303
289 303
290 303
291 303
292 303
293 303
277 304
278 304
279 304
280 304
281 304
282 304
283 304
284 304
285 304
286 304
287 304
288 304
289 304
290 304
291 304
292 304
277 305
278 305
279 305
280 305
281 305
282 305
283 305
284 305
285 305
286 305
287 305
288 305
289 305
290 305
291 305
292 305
277 306
278 306
279 306
280 306
281 306
282 306
283 306
284 306
285 306
286 306
287 306
288 306
289 306
290 306
291 306
292 306
278 307
279 307
280 307
281 307
282 307
283 307
284 307
285 307
286 307
287 307
288 307
289 307
290 307
291 307
279 308
280 308
281 308
282 308
283 308
284 308
285 308
286 308
287 308
288 308
289 308
290 308
291 308
280 309
281 309
282 309
283 309
284 309
285 309
286 309
287 309
288 309
289 309
290 309
280 310
281 310
282 310
283 310
284 310
285 310
286 310
287 310
288 310
289 310
290 310
281 311
282 311
283 311
284 311
285 311
286 311
287 311
288 311
289 311
282 312
283 312
284 312
285 312
286 312
287 312
288 312
285 313
286 313
