237 172
238 172
239 172
240 172
241 172
242 172
243 172
244 172
245 172
246 172
236 173
237 173
238 173
239 173
240 173
241 173
242 173
243 173
244 173
245 173
246 173
247 173
236 174
237 174
238 174
239 174
240 174
241 174
242 174
243 174
244 174
245 174
246 174
247 174
235 175
236 175
237 175
238 175
239 175
240 175
241 175
242 175
243 175
244 175
245 175
246 175
247 175
248 175
233 176
234 176
235 176
236 176
237 176
238 176
239 176
240 176
241 176
242 176
243 176
244 176
245 176
246 176
247 176
248 176
232 177
233 177
234 177
235 177
236 177
237 177
238 177
239 177
240 177
241 177
242 177
243 177
244 177
245 177
246 177
247 177
248 177
249 177
232 178
233 178
234 178
235 178
236 178
237 178
238 178
239 178
240 178
241 178
242 178
243 178
244 178
245 178
246 178
247 178
248 178
249 178
250 178
232 179
233 179
234 179
235 179
236 179
237 179
238 179
239 179
240 179
241 179
242 179
243 179
244 179
245 179
246 179
247 179
248 179
249 179
250 179
232 180
233 180
234 180
235 180
236 180
237 180
238 180
239 180
240 180
241 180
242 180
243 180
244 180
245 180
246 180
247 180
248 180
249 180
250 180
232 181
233 181
234 181
235 181
236 181
237 181
238 181
239 181
240 181
241 181
242 181
243 181
244 181
245 181
246 181
247 181
248 181
249 181
250 181
251 181
232 182
233 182
234 182
235 182
236 182
237 182
238 182
239 182
240 182
241 182
242 182
243 182
244 182
245 182
246 182
247 182
248 182
249 182
250 182
251 182
232 183
233 183
234 183
235 183
236 183
237 183
238 183
239 183
240 183
241 183
242 183
243 183
244 183
245 183
246 183
247 183
248 183
249 183
250 183
251 183
232 184
233 184
234 184
235 184
236 184
237 184
238 184
239 184
240 184
241 184
242 184
243 184
244 184
245 184
246 184
247 184
248 184
249 184
250 184
251 184
232 185
233 185
234 185
235 185
236 185
237 185
238 185
239 185
240 185
241 185
242 185
243 185
244 185
245 185
246 185
247 185
248 185
249 185
250 185
251 185
232 186
233 186
234 186
235 186
236 186
237 186
238 186
239 186
240 186
241 186
242 186
243 186
244 186
245 186
246 186
247 186
248 186
249 186
250 186
251 186
232 187
233 187
234 187
235 187
236 187
237 187
238 187
239 187
240 187
241 187
242 187
243 187
244 187
245 187
246 187
247 187
248 187
249 187
250 187
251 187
232 188
233 188
234 188
235 188
236 188
237 188
238 188
239 188
240 188
241 188
242 188
243 188
244 188
245 188
246 188
247 188
248 188
249 188
250 188
232 189
233 189
234 189
235 189
236 189
237 189
238 189
239 189
240 189
241 189
242 189
243 189
244 189
245 189
246 189
247 189
248 189
249 189
250 189
232 190
233 190
234 190
235 190
236 190
237 190
238 190
239 190
240 190
241 190
242 190
243 190
244 190
245 190
246 190
247 190
248 190
249 190
250 190
232 191
233 191
234 191
235 191
236 191
237 191
238 191
239 191
240 191
241 191
242 191
243 191
244 191
245 191
246 191
247 191
248 191
249 191
232 192
233 192
234 192
235 192
236 192
237 192
238 192
239 192
240 192
241 192
242 192
243 192
244 192
245 192
246 192
247 192
248 192
232 193
233 193
234 193
235 193
236 193
237 193
238 193
239 193
240 193
241 193
242 193
243 193
244 193
245 193
246 193
247 193
248 193
232 194
233 194
234 194
235 194
236 194
237 194
238 194
239 194
240 194
241 194
242 194
243 194
244 194
245 194
246 194
247 194
232 195
233 195
234 195
235 195
236 195
237 195
238 195
239 195
240 195
241 195
242 195
243 195
244 195
245 195
246 195
247 195
232 196
233 196
234 196
235 196
236 196
237 196
238 196
239 196
240 196
241 196
242 196
243 196
244 196
245 196
246 196
247 196
232 197
233 197
234 197
235 197
236 197
237 197
238 197
239 197
240 197
241 197
242 197
243 197
244 197
245 197
246 197
247 197
232 198
233 198
234 198
235 198
236 198
237 198
238 198
239 198
240 198
241 198
242 198
243 198
244 198
245 198
246 198
247 198
232 199
233 199
234 199
235 199
236 199
237 199
238 199
239 199
240 199
241 199
242 199
243 199
244 199
245 199
246 199
232 200
233 200
234 200
235 200
236 200
237 200
238 200
239 200
240 200
241 200
242 200
243 200
244 200
232 201
233 201
234 201
235 201
236 201
237 201
238 201
239 201
240 201
241 201
242 201
243 201
233 202
234 202
235 202
236 202
237 202
238 202
239 202
240 202
241 202
242 202
243 202
233 203
234 203
235 203
236 203
237 203
238 203
239 203
240 203
241 203
242 203
235 204
236 204
237 204
238 204
239 204
240 204
236 205
237 205
238 205
237 206
