214 152
215 152
216 152
217 152
218 152
219 152
220 152
221 152
213 153
214 153
215 153
216 153
217 153
218 153
219 153
220 153
221 153
222 153
212 154
213 154
214 154
215 154
216 154
217 154
218 154
219 154
220 154
221 154
222 154
223 154
212 155
213 155
214 155
215 155
216 155
217 155
218 155
219 155
220 155
221 155
222 155
223 155
212 156
213 156
214 156
215 156
216 156
217 156
218 156
219 156
220 156
221 156
222 156
223 156
212 157
213 157
214 157
215 157
216 157
217 157
218 157
219 157
220 157
221 157
222 157
223 157
224 157
212 158
213 158
214 158
215 158
216 158
217 158
218 158
219 158
220 158
221 158
222 158
223 158
224 158
211 159
212 159
213 159
214 159
215 159
216 159
217 159
218 159
219 159
220 159
221 159
222 159
223 159
224 159
225 159
210 160
211 160
212 160
213 160
214 160
215 160
216 160
217 160
218 160
219 160
220 160
221 160
222 160
223 160
224 160
225 160
226 160
209 161
210 161
211 161
212 161
213 161
214 161
215 161
216 161
217 161
218 161
219 161
220 161
221 161
222 161
223 161
224 161
225 161
226 161
227 161
208 162
209 162
210 162
211 162
212 162
213 162
214 162
215 162
216 162
217 162
218 162
219 162
220 162
221 162
222 162
223 162
224 162
225 162
226 162
227 162
208 163
209 163
210 163
211 163
212 163
213 163
214 163
215 163
216 163
217 163
218 163
219 163
220 163
221 163
222 163
223 163
224 163
225 163
226 163
227 163
228 163
208 164
209 164
210 164
211 164
212 164
213 164
214 164
215 164
216 164
217 164
218 164
219 164
220 164
221 164
222 164
223 164
224 164
225 164
226 164
227 164
228 164
207 165
208 165
209 165
210 165
211 165
212 165
213 165
214 165
215 165
216 165
217 165
218 165
219 165
220 165
221 165
222 165
223 165
224 165
225 165
226 165
227 165
228 165
229 165
207 166
208 166
209 166
210 166
211 166
212 166
213 166
214 166
215 166
216 166
217 166
218 166
219 166
220 166
221 166
222 166
223 166
224 166
225 166
226 166
227 166
228 166
229 166
230 166
206 167
207 167
208 167
209 167
210 167
211 167
212 167
213 167
214 167
215 167
216 167
217 167
218 167
219 167
220 167
221 167
222 167
223 167
224 167
225 167
226 167
227 167
228 167
229 167
230 167
205 168
206 168
207 168
208 168
209 168
210 168
211 168
212 168
213 168
214 168
215 168
216 168
217 168
218 168
219 168
220 168
221 168
222 168
223 168
224 168
225 168
226 168
227 168
228 168
229 168
230 168
231 168
204 169
205 169
206 169
207 169
208 169
209 169
210 169
211 169
212 169
213 169
214 169
215 169
216 169
217 169
218 169
219 169
220 169
221 169
222 169
223 169
224 169
225 169
226 169
227 169
228 169
229 169
230 169
231 169
204 170
205 170
206 170
207 170
208 170
209 170
210 170
211 170
212 170
213 170
214 170
215 170
216 170
217 170
218 170
219 170
220 170
221 170
222 170
223 170
224 170
225 170
226 170
227 170
228 170
229 170
230 170
231 170
204 171
205 171
206 171
207 171
208 171
209 171
210 171
211 171
212 171
213 171
214 171
215 171
216 171
217 171
218 171
219 171
220 171
221 171
222 171
223 171
224 171
225 171
226 171
227 171
228 171
229 171
230 171
204 172
205 172
206 172
207 172
208 172
209 172
210 172
211 172
212 172
213 172
214 172
215 172
216 172
217 172
218 172
219 172
220 172
221 172
222 172
223 172
224 172
225 172
226 172
227 172
228 172
204 173
205 173
206 173
207 173
208 173
209 173
210 173
211 173
212 173
213 173
214 173
215 173
216 173
217 173
218 173
219 173
220 173
221 173
222 173
223 173
224 173
225 173
226 173
227 173
204 174
205 174
206 174
207 174
208 174
209 174
210 174
211 174
212 174
213 174
214 174
215 174
216 174
217 174
218 174
219 174
220 174
221 174
222 174
223 174
224 174
225 174
226 174
227 174
204 175
205 175
206 175
207 175
208 175
209 175
210 175
211 175
212 175
213 175
214 175
215 175
216 175
217 175
218 175
219 175
220 175
221 175
222 175
223 175
224 175
225 175
226 175
204 176
205 176
206 176
207 176
208 176
209 176
210 176
211 176
212 176
213 176
214 176
215 176
216 176
217 176
204 177
205 177
206 177
207 177
208 177
209 177
210 177
211 177
212 177
213 177
214 177
215 177
216 177
204 178
205 178
206 178
207 178
208 178
209 178
210 178
211 178
212 178
213 178
214 178
215 178
205 179
206 179
207 179
208 179
209 179
210 179
211 179
212 179
213 179
214 179
