325 264
326 264
327 264
328 264
329 264
330 264
331 264
332 264
333 264
334 264
335 264
336 264
337 264
338 264
323 265
324 265
325 265
326 265
327 265
328 265
329 265
330 265
331 265
332 265
333 265
334 265
335 265
336 265
337 265
338 265
339 265
322 266
323 266
324 266
325 266
326 266
327 266
328 266
329 266
330 266
331 266
332 266
333 266
334 266
335 266
336 266
337 266
338 266
339 266
322 267
323 267
324 267
325 267
326 267
327 267
328 267
329 267
330 267
331 267
332 267
333 267
334 267
335 267
336 267
337 267
338 267
339 267
322 268
323 268
324 268
325 268
326 268
327 268
328 268
329 268
330 268
331 268
332 268
333 268
334 268
335 268
336 268
337 268
338 268
339 268
322 269
323 269
324 269
325 269
326 269
327 269
328 269
329 269
330 269
331 269
332 269
333 269
334 269
335 269
336 269
337 269
338 269
339 269
340 269
322 270
323 270
324 270
325 270
326 270
327 270
328 270
329 270
330 270
331 270
332 270
333 270
334 270
335 270
336 270
337 270
338 270
339 270
340 270
322 271
323 271
324 271
325 271
326 271
327 271
328 271
329 271
330 271
331 271
332 271
333 271
334 271
335 271
336 271
337 271
338 271
339 271
340 271
321 272
322 272
323 272
324 272
325 272
326 272
327 272
328 272
329 272
330 272
331 272
332 272
333 272
334 272
335 272
336 272
337 272
338 272
339 272
340 272
321 273
322 273
323 273
324 273
325 273
326 273
327 273
328 273
329 273
330 273
331 273
332 273
333 273
334 273
335 273
336 273
337 273
338 273
339 273
340 273
321 274
322 274
323 274
324 274
325 274
326 274
327 274
328 274
329 274
330 274
331 274
332 274
333 274
334 274
335 274
336 274
337 274
338 274
339 274
340 274
320 275
321 275
322 275
323 275
324 275
325 275
326 275
327 275
328 275
329 275
330 275
331 275
332 275
333 275
334 275
335 275
336 275
337 275
338 275
339 275
340 275
320 276
321 276
322 276
323 276
324 276
325 276
326 276
327 276
328 276
329 276
330 276
331 276
332 276
333 276
334 276
335 276
336 276
337 276
338 276
339 276
320 277
321 277
322 277
323 277
324 277
325 277
326 277
327 277
328 277
329 277
330 277
331 277
332 277
333 277
334 277
335 277
336 277
337 277
338 277
339 277
320 278
321 278
322 278
323 278
324 278
325 278
326 278
327 278
328 278
329 278
330 278
331 278
332 278
333 278
334 278
335 278
336 278
337 278
338 278
339 278
320 279
321 279
322 279
323 279
324 279
325 279
326 279
327 279
328 279
329 279
330 279
331 279
332 279
333 279
334 279
335 279
336 279
337 279
338 279
339 279
320 280
321 280
322 280
323 280
324 280
325 280
326 280
327 280
328 280
329 280
330 280
331 280
332 280
333 280
334 280
335 280
336 280
337 280
338 280
339 280
320 281
321 281
322 281
323 281
324 281
325 281
326 281
327 281
328 281
329 281
330 281
331 281
332 281
333 281
334 281
335 281
336 281
337 281
338 281
339 281
320 282
321 282
322 282
323 282
324 282
325 282
326 282
327 282
328 282
329 282
330 282
331 282
332 282
333 282
334 282
335 282
336 282
337 282
338 282
339 282
320 283
321 283
322 283
323 283
324 283
325 283
326 283
327 283
328 283
329 283
330 283
331 283
332 283
333 283
334 283
335 283
336 283
337 283
338 283
320 284
321 284
322 284
323 284
324 284
325 284
326 284
327 284
328 284
329 284
330 284
331 284
332 284
333 284
334 284
335 284
336 284
337 284
320 285
321 285
322 285
323 285
324 285
325 285
326 285
327 285
328 285
329 285
330 285
331 285
332 285
333 285
334 285
335 285
336 285
321 286
322 286
323 286
324 286
325 286
326 286
327 286
328 286
329 286
330 286
331 286
332 286
333 286
334 286
335 286
322 287
323 287
324 287
325 287
326 287
327 287
328 287
329 287
330 287
331 287
332 287
333 287
334 287
