337 280
338 280
339 280
340 280
341 280
342 280
343 280
344 280
345 280
346 280
336 281
337 281
338 281
339 281
340 281
341 281
342 281
343 281
344 281
345 281
346 281
347 281
335 282
336 282
337 282
338 282
339 282
340 282
341 282
342 282
343 282
344 282
345 282
346 282
347 282
334 283
335 283
336 283
337 283
338 283
339 283
340 283
341 283
342 283
343 283
344 283
345 283
346 283
347 283
333 284
334 284
335 284
336 284
337 284
338 284
339 284
340 284
341 284
342 284
343 284
344 284
345 284
346 284
347 284
332 285
333 285
334 285
335 285
336 285
337 285
338 285
339 285
340 285
341 285
342 285
343 285
344 285
345 285
346 285
347 285
331 286
332 286
333 286
334 286
335 286
336 286
337 286
338 286
339 286
340 286
341 286
342 286
343 286
344 286
345 286
346 286
347 286
331 287
332 287
333 287
334 287
335 287
336 287
337 287
338 287
339 287
340 287
341 287
342 287
343 287
344 287
345 287
346 287
347 287
330 288
331 288
332 288
333 288
334 288
335 288
336 288
337 288
338 288
339 288
340 288
341 288
342 288
343 288
344 288
345 288
346 288
347 288
329 289
330 289
331 289
332 289
333 289
334 289
335 289
336 289
337 289
338 289
339 289
340 289
341 289
342 289
343 289
344 289
345 289
346 289
347 289
329 290
330 290
331 290
332 290
333 290
334 290
335 290
336 290
337 290
338 290
339 290
340 290
341 290
342 290
343 290
344 290
345 290
346 290
347 290
328 291
329 291
330 291
331 291
332 291
333 291
334 291
335 291
336 291
337 291
338 291
339 291
340 291
341 291
342 291
343 291
344 291
345 291
346 291
347 291
328 292
329 292
330 292
331 292
332 292
333 292
334 292
335 292
336 292
337 292
338 292
339 292
340 292
341 292
342 292
343 292
344 292
345 292
346 292
347 292
328 293
329 293
330 293
331 293
332 293
333 293
334 293
335 293
336 293
337 293
338 293
339 293
340 293
341 293
342 293
343 293
344 293
345 293
346 293
347 293
328 294
329 294
330 294
331 294
332 294
333 294
334 294
335 294
336 294
337 294
338 294
339 294
340 294
341 294
342 294
343 294
344 294
345 294
346 294
347 294
328 295
329 295
330 295
331 295
332 295
333 295
334 295
335 295
336 295
337 295
338 295
339 295
340 295
341 295
342 295
343 295
344 295
345 295
346 295
347 295
328 296
329 296
330 296
331 296
332 296
333 296
334 296
335 296
336 296
337 296
338 296
339 296
340 296
341 296
342 296
343 296
344 296
345 296
346 296
347 296
328 297
329 297
330 297
331 297
332 297
333 297
334 297
335 297
336 297
337 297
338 297
339 297
340 297
341 297
342 297
343 297
344 297
345 297
346 297
347 297
328 298
329 298
330 298
331 298
332 298
333 298
334 298
335 298
336 298
337 298
338 298
339 298
340 298
341 298
342 298
343 298
344 298
345 298
346 298
347 298
328 299
329 299
330 299
331 299
332 299
333 299
334 299
335 299
336 299
337 299
338 299
339 299
340 299
341 299
342 299
343 299
344 299
345 299
346 299
347 299
328 300
329 300
330 300
331 300
332 300
333 300
334 300
335 300
336 300
337 300
338 300
339 300
340 300
341 300
342 300
343 300
344 300
345 300
346 300
347 300
328 301
329 301
330 301
331 301
332 301
333 301
334 301
335 301
336 301
337 301
338 301
339 301
340 301
341 301
342 301
343 301
344 301
345 301
346 301
347 301
328 302
329 302
330 302
331 302
332 302
333 302
334 302
335 302
336 302
337 302
338 302
339 302
340 302
341 302
342 302
343 302
344 302
345 302
346 302
347 302
329 303
330 303
331 303
332 303
333 303
334 303
335 303
336 303
337 303
338 303
339 303
340 303
341 303
342 303
343 303
344 303
345 303
346 303
329 304
330 304
331 304
332 304
333 304
334 304
335 304
336 304
337 304
338 304
339 304
340 304
341 304
342 304
343 304
344 304
345 304
330 305
331 305
332 305
333 305
334 305
335 305
336 305
337 305
338 305
339 305
340 305
341 305
342 305
343 305
344 305
331 306
332 306
333 306
334 306
335 306
336 306
337 306
338 306
339 306
340 306
341 306
342 306
343 306
332 307
333 307
334 307
335 307
336 307
337 307
338 307
339 307
340 307
341 307
