257 284
258 284
259 284
260 284
261 284
262 284
263 284
264 284
265 284
266 284
256 285
257 285
258 285
259 285
260 285
261 285
262 285
263 285
264 285
265 285
266 285
267 285
256 286
257 286
258 286
259 286
260 286
261 286
262 286
263 286
264 286
265 286
266 286
267 286
255 287
256 287
257 287
258 287
259 287
260 287
261 287
262 287
263 287
264 287
265 287
266 287
267 287
268 287
253 288
254 288
255 288
256 288
257 288
258 288
259 288
260 288
261 288
262 288
263 288
264 288
265 288
266 288
267 288
268 288
269 288
252 289
253 289
254 289
255 289
256 289
257 289
258 289
259 289
260 289
261 289
262 289
263 289
264 289
265 289
266 289
267 289
268 289
269 289
270 289
252 290
253 290
254 290
255 290
256 290
257 290
258 290
259 290
260 290
261 290
262 290
263 290
264 290
265 290
266 290
267 290
268 290
269 290
270 290
271 290
251 291
252 291
253 291
254 291
255 291
256 291
257 291
258 291
259 291
260 291
261 291
262 291
263 291
264 291
265 291
266 291
267 291
268 291
269 291
270 291
271 291
250 292
251 292
252 292
253 292
254 292
255 292
256 292
257 292
258 292
259 292
260 292
261 292
262 292
263 292
264 292
265 292
266 292
267 292
268 292
269 292
270 292
271 292
272 292
249 293
250 293
251 293
252 293
253 293
254 293
255 293
256 293
257 293
258 293
259 293
260 293
261 293
262 293
263 293
264 293
265 293
266 293
267 293
268 293
269 293
270 293
271 293
272 293
248 294
249 294
250 294
251 294
252 294
253 294
254 294
255 294
256 294
257 294
258 294
259 294
260 294
261 294
262 294
263 294
264 294
265 294
266 294
267 294
268 294
269 294
270 294
271 294
272 294
273 294
248 295
249 295
250 295
251 295
252 295
253 295
254 295
255 295
256 295
257 295
258 295
259 295
260 295
261 295
262 295
263 295
264 295
265 295
266 295
267 295
268 295
269 295
270 295
271 295
272 295
273 295
274 295
247 296
248 296
249 296
250 296
251 296
252 296
253 296
254 296
255 296
256 296
257 296
258 296
259 296
260 296
261 296
262 296
263 296
264 296
265 296
266 296
267 296
268 296
269 296
270 296
271 296
272 296
273 296
274 296
247 297
248 297
249 297
250 297
251 297
252 297
253 297
254 297
255 297
256 297
257 297
258 297
259 297
260 297
261 297
262 297
263 297
264 297
265 297
266 297
267 297
268 297
269 297
270 297
271 297
272 297
273 297
274 297
275 297
246 298
247 298
248 298
249 298
250 298
251 298
252 298
253 298
254 298
255 298
256 298
257 298
258 298
259 298
260 298
261 298
262 298
263 298
264 298
265 298
266 298
267 298
268 298
269 298
270 298
271 298
272 298
273 298
274 298
275 298
245 299
246 299
247 299
248 299
249 299
250 299
251 299
252 299
253 299
254 299
255 299
256 299
257 299
258 299
259 299
260 299
261 299
262 299
263 299
264 299
265 299
266 299
267 299
268 299
269 299
270 299
271 299
272 299
273 299
274 299
275 299
245 300
246 300
247 300
248 300
249 300
250 300
251 300
252 300
253 300
254 300
255 300
256 300
257 300
258 300
259 300
260 300
261 300
262 300
263 300
264 300
265 300
266 300
267 300
268 300
269 300
270 300
271 300
272 300
273 300
274 300
275 300
244 301
245 301
246 301
247 301
248 301
249 301
250 301
251 301
252 301
253 301
254 301
255 301
256 301
257 301
258 301
259 301
260 301
261 301
262 301
263 301
264 301
265 301
266 301
267 301
268 301
269 301
270 301
271 301
272 301
273 301
274 301
275 301
244 302
245 302
246 302
247 302
248 302
249 302
250 302
251 302
252 302
253 302
254 302
255 302
256 302
257 302
258 302
259 302
260 302
261 302
262 302
263 302
264 302
265 302
266 302
267 302
268 302
269 302
270 302
271 302
272 302
273 302
274 302
275 302
244 303
245 303
246 303
247 303
248 303
249 303
250 303
251 303
252 303
253 303
254 303
255 303
256 303
257 303
258 303
259 303
260 303
261 303
262 303
263 303
264 303
265 303
266 303
267 303
268 303
269 303
270 303
271 303
272 303
273 303
274 303
275 303
244 304
245 304
246 304
247 304
248 304
249 304
250 304
251 304
252 304
253 304
254 304
255 304
256 304
257 304
258 304
259 304
260 304
261 304
262 304
263 304
264 304
265 304
266 304
267 304
268 304
269 304
270 304
271 304
272 304
273 304
274 304
275 304
244 305
245 305
246 305
247 305
248 305
249 305
250 305
251 305
252 305
253 305
254 305
255 305
256 305
257 305
258 305
259 305
260 305
261 305
262 305
263 305
264 305
265 305
266 305
267 305
268 305
269 305
270 305
271 305
272 305
273 305
274 305
275 305
244 306
245 306
246 306
247 306
248 306
249 306
250 306
251 306
252 306
253 306
254 306
255 306
256 306
257 306
258 306
259 306
260 306
261 306
262 306
263 306
264 306
265 306
266 306
267 306
268 306
269 306
270 306
271 306
272 306
273 306
274 306
275 306
244 307
245 307
246 307
247 307
248 307
249 307
250 307
251 307
252 307
253 307
254 307
255 307
256 307
257 307
258 307
259 307
260 307
261 307
262 307
263 307
264 307
265 307
266 307
267 307
268 307
269 307
270 307
271 307
272 307
273 307
274 307
275 307
244 308
245 308
246 308
247 308
248 308
249 308
250 308
251 308
252 308
253 308
254 308
255 308
256 308
257 308
258 308
259 308
260 308
261 308
262 308
263 308
264 308
265 308
266 308
267 308
268 308
269 308
270 308
271 308
272 308
273 308
274 308
275 308
244 309
245 309
246 309
247 309
248 309
249 309
250 309
251 309
252 309
253 309
254 309
255 309
256 309
257 309
258 309
259 309
260 309
261 309
262 309
263 309
264 309
265 309
266 309
267 309
268 309
269 309
270 309
271 309
272 309
273 309
274 309
275 309
244 310
245 310
246 310
247 310
248 310
249 310
250 310
251 310
252 310
253 310
254 310
255 310
256 310
257 310
258 310
259 310
260 310
261 310
262 310
263 310
264 310
265 310
266 310
267 310
268 310
269 310
270 310
271 310
272 310
273 310
274 310
275 310
244 311
245 311
246 311
247 311
248 311
249 311
250 311
251 311
252 311
253 311
254 311
255 311
256 311
257 311
258 311
259 311
260 311
261 311
262 311
263 311
264 311
265 311
266 311
267 311
268 311
269 311
270 311
271 311
272 311
273 311
274 311
244 312
245 312
246 312
247 312
248 312
249 312
250 312
251 312
252 312
253 312
254 312
255 312
256 312
257 312
258 312
259 312
260 312
261 312
262 312
263 312
264 312
265 312
266 312
267 312
268 312
269 312
270 312
271 312
272 312
244 313
245 313
246 313
247 313
248 313
249 313
250 313
251 313
252 313
253 313
254 313
255 313
256 313
257 313
258 313
259 313
260 313
261 313
262 313
263 313
264 313
265 313
266 313
267 313
268 313
269 313
270 313
271 313
244 314
245 314
246 314
247 314
248 314
249 314
250 314
251 314
252 314
253 314
254 314
255 314
256 314
257 314
258 314
259 314
260 314
261 314
262 314
263 314
264 314
265 314
266 314
267 314
268 314
269 314
270 314
271 314
244 315
245 315
246 315
247 315
248 315
249 315
250 315
251 315
252 315
253 315
254 315
255 315
256 315
257 315
258 315
259 315
260 315
261 315
262 315
263 315
264 315
265 315
266 315
267 315
268 315
269 315
270 315
271 315
244 316
245 316
246 316
247 316
248 316
249 316
250 316
251 316
252 316
253 316
254 316
255 316
256 316
257 316
258 316
259 316
260 316
261 316
262 316
263 316
264 316
265 316
266 316
267 316
268 316
269 316
270 316
271 316
244 317
245 317
246 317
247 317
248 317
249 317
250 317
251 317
252 317
253 317
254 317
255 317
256 317
257 317
258 317
259 317
260 317
261 317
262 317
263 317
264 317
265 317
266 317
267 317
268 317
269 317
270 317
271 317
244 318
245 318
246 318
247 318
248 318
249 318
250 318
251 318
252 318
253 318
254 318
255 318
256 318
257 318
258 318
259 318
260 318
261 318
262 318
263 318
264 318
265 318
266 318
267 318
268 318
269 318
270 318
244 319
245 319
246 319
247 319
248 319
249 319
250 319
251 319
252 319
253 319
254 319
255 319
256 319
257 319
258 319
259 319
260 319
261 319
262 319
263 319
264 319
265 319
266 319
267 319
268 319
269 319
244 320
245 320
246 320
247 320
248 320
249 320
250 320
251 320
252 320
253 320
254 320
255 320
256 320
257 320
258 320
259 320
260 320
261 320
262 320
263 320
264 320
265 320
266 320
267 320
268 320
244 321
245 321
246 321
247 321
248 321
249 321
250 321
251 321
252 321
253 321
254 321
255 321
256 321
257 321
258 321
259 321
260 321
261 321
262 321
263 321
264 321
265 321
266 321
267 321
244 322
245 322
246 322
247 322
248 322
249 322
250 322
251 322
252 322
253 322
254 322
255 322
256 322
257 322
258 322
259 322
260 322
261 322
262 322
263 322
264 322
265 322
266 322
267 322
245 323
246 323
247 323
248 323
249 323
250 323
251 323
252 323
253 323
254 323
255 323
256 323
257 323
258 323
259 323
260 323
261 323
262 323
263 323
264 323
265 323
266 323
247 324
248 324
249 324
250 324
251 324
252 324
253 324
254 324
255 324
256 324
257 324
258 324
259 324
260 324
261 324
262 324
263 324
264 324
247 325
248 325
249 325
250 325
251 325
252 325
253 325
254 325
255 325
256 325
257 325
258 325
259 325
260 325
261 325
262 325
263 325
248 326
249 326
250 326
251 326
252 326
253 326
254 326
255 326
256 326
257 326
258 326
259 326
260 326
261 326
262 326
263 326
249 327
250 327
251 327
252 327
253 327
254 327
255 327
256 327
257 327
258 327
259 327
260 327
261 327
262 327
251 328
252 328
253 328
254 328
255 328
256 328
257 328
258 328
259 328
260 328
252 329
253 329
254 329
255 329
256 329
257 329
258 329
259 329
253 330
254 330
255 330
256 330
257 330
258 330
254 331
