332 344
333 344
334 344
335 344
336 344
337 344
338 344
339 344
340 344
341 344
330 345
331 345
332 345
333 345
334 345
335 345
336 345
337 345
338 345
339 345
340 345
341 345
342 345
329 346
330 346
331 346
332 346
333 346
334 346
335 346
336 346
337 346
338 346
339 346
340 346
341 346
342 346
343 346
329 347
330 347
331 347
332 347
333 347
334 347
335 347
336 347
337 347
338 347
339 347
340 347
341 347
342 347
343 347
329 348
330 348
331 348
332 348
333 348
334 348
335 348
336 348
337 348
338 348
339 348
340 348
341 348
342 348
343 348
328 349
329 349
330 349
331 349
332 349
333 349
334 349
335 349
336 349
337 349
338 349
339 349
340 349
341 349
342 349
343 349
328 350
329 350
330 350
331 350
332 350
333 350
334 350
335 350
336 350
337 350
338 350
339 350
340 350
341 350
342 350
343 350
328 351
329 351
330 351
331 351
332 351
333 351
334 351
335 351
336 351
337 351
338 351
339 351
340 351
341 351
342 351
343 351
328 352
329 352
330 352
331 352
332 352
333 352
334 352
335 352
336 352
337 352
338 352
339 352
340 352
341 352
342 352
343 352
328 353
329 353
330 353
331 353
332 353
333 353
334 353
335 353
336 353
337 353
338 353
339 353
340 353
341 353
342 353
343 353
328 354
329 354
330 354
331 354
332 354
333 354
334 354
335 354
336 354
337 354
338 354
339 354
340 354
341 354
342 354
343 354
328 355
329 355
330 355
331 355
332 355
333 355
334 355
335 355
336 355
337 355
338 355
339 355
340 355
341 355
342 355
343 355
328 356
329 356
330 356
331 356
332 356
333 356
334 356
335 356
336 356
337 356
338 356
339 356
340 356
341 356
342 356
343 356
328 357
329 357
330 357
331 357
332 357
333 357
334 357
335 357
336 357
337 357
338 357
339 357
340 357
341 357
342 357
343 357
328 358
329 358
330 358
331 358
332 358
333 358
334 358
335 358
336 358
337 358
338 358
339 358
340 358
341 358
342 358
343 358
328 359
329 359
330 359
331 359
332 359
333 359
334 359
335 359
336 359
337 359
338 359
339 359
340 359
341 359
342 359
343 359
328 360
329 360
330 360
331 360
332 360
333 360
334 360
335 360
336 360
337 360
338 360
339 360
340 360
341 360
342 360
343 360
328 361
329 361
330 361
331 361
332 361
333 361
334 361
335 361
336 361
337 361
338 361
339 361
340 361
341 361
342 361
343 361
328 362
329 362
330 362
331 362
332 362
333 362
334 362
335 362
336 362
337 362
338 362
339 362
340 362
341 362
342 362
343 362
328 363
329 363
330 363
331 363
332 363
333 363
334 363
335 363
336 363
337 363
338 363
339 363
340 363
341 363
342 363
328 364
329 364
330 364
331 364
332 364
333 364
334 364
335 364
336 364
337 364
338 364
339 364
340 364
341 364
342 364
328 365
329 365
330 365
331 365
332 365
333 365
334 365
335 365
336 365
337 365
338 365
339 365
340 365
341 365
328 366
329 366
330 366
331 366
332 366
333 366
334 366
335 366
336 366
337 366
338 366
339 366
340 366
328 367
329 367
330 367
331 367
332 367
333 367
334 367
335 367
336 367
337 367
338 367
339 367
340 367
328 368
329 368
330 368
331 368
332 368
333 368
334 368
335 368
336 368
337 368
338 368
339 368
328 369
329 369
330 369
331 369
332 369
333 369
334 369
335 369
336 369
337 369
338 369
339 369
328 370
329 370
330 370
331 370
332 370
333 370
334 370
335 370
336 370
337 370
338 370
345 370
346 370
329 371
330 371
331 371
332 371
333 371
334 371
335 371
336 371
337 371
338 371
344 371
345 371
346 371
329 372
330 372
331 372
332 372
333 372
334 372
335 372
336 372
337 372
344 372
345 372
346 372
329 373
330 373
331 373
332 373
333 373
334 373
335 373
336 373
344 373
345 373
346 373
330 374
331 374
332 374
333 374
334 374
344 374
345 374
346 374
