385 340
386 340
387 340
388 340
389 340
390 340
384 341
385 341
386 341
387 341
388 341
389 341
390 341
391 341
383 342
384 342
385 342
386 342
387 342
388 342
389 342
390 342
391 342
383 343
384 343
385 343
386 343
387 343
388 343
389 343
390 343
391 343
392 343
382 344
383 344
384 344
385 344
386 344
387 344
388 344
389 344
390 344
391 344
392 344
381 345
382 345
383 345
384 345
385 345
386 345
387 345
388 345
389 345
390 345
391 345
392 345
393 345
381 346
382 346
383 346
384 346
385 346
386 346
387 346
388 346
389 346
390 346
391 346
392 346
393 346
381 347
382 347
383 347
384 347
385 347
386 347
387 347
388 347
389 347
390 347
391 347
392 347
393 347
380 348
381 348
382 348
383 348
384 348
385 348
386 348
387 348
388 348
389 348
390 348
391 348
392 348
393 348
394 348
380 349
381 349
382 349
383 349
384 349
385 349
386 349
387 349
388 349
389 349
390 349
391 349
392 349
393 349
394 349
380 350
381 350
382 350
383 350
384 350
385 350
386 350
387 350
388 350
389 350
390 350
391 350
392 350
393 350
394 350
380 351
381 351
382 351
383 351
384 351
385 351
386 351
387 351
388 351
389 351
390 351
391 351
392 351
393 351
394 351
380 352
381 352
382 352
383 352
384 352
385 352
386 352
387 352
388 352
389 352
390 352
391 352
392 352
393 352
394 352
379 353
380 353
381 353
382 353
383 353
384 353
385 353
386 353
387 353
388 353
389 353
390 353
391 353
392 353
393 353
394 353
379 354
380 354
381 354
382 354
383 354
384 354
385 354
386 354
387 354
388 354
389 354
390 354
391 354
392 354
393 354
378 355
379 355
380 355
381 355
382 355
383 355
384 355
385 355
386 355
387 355
388 355
389 355
390 355
391 355
392 355
393 355
377 356
378 356
379 356
380 356
381 356
382 356
383 356
384 356
385 356
386 356
387 356
388 356
389 356
390 356
391 356
392 356
393 356
377 357
378 357
379 357
380 357
381 357
382 357
383 357
384 357
385 357
386 357
387 357
388 357
389 357
390 357
391 357
392 357
393 357
376 358
377 358
378 358
379 358
380 358
381 358
382 358
383 358
384 358
385 358
386 358
387 358
388 358
389 358
390 358
391 358
392 358
376 359
377 359
378 359
379 359
380 359
381 359
382 359
383 359
384 359
385 359
386 359
387 359
388 359
389 359
390 359
391 359
392 359
376 360
377 360
378 360
379 360
380 360
381 360
382 360
383 360
384 360
385 360
386 360
387 360
388 360
389 360
390 360
391 360
392 360
376 361
377 361
378 361
379 361
380 361
381 361
382 361
383 361
384 361
385 361
386 361
387 361
388 361
389 361
390 361
391 361
392 361
376 362
377 362
378 362
379 362
380 362
381 362
382 362
383 362
384 362
385 362
386 362
387 362
388 362
389 362
390 362
391 362
376 363
377 363
378 363
379 363
380 363
381 363
382 363
383 363
384 363
385 363
386 363
387 363
388 363
389 363
390 363
391 363
377 364
378 364
379 364
380 364
381 364
382 364
383 364
384 364
385 364
386 364
387 364
388 364
389 364
390 364
391 364
377 365
378 365
379 365
380 365
381 365
382 365
383 365
384 365
385 365
386 365
387 365
388 365
389 365
390 365
377 366
378 366
379 366
380 366
381 366
382 366
383 366
384 366
385 366
386 366
387 366
388 366
389 366
390 366
381 367
382 367
383 367
384 367
385 367
386 367
387 367
