285 304
286 304
287 304
288 304
289 304
290 304
291 304
292 304
293 304
294 304
295 304
296 304
297 304
298 304
299 304
300 304
301 304
284 305
285 305
286 305
287 305
288 305
289 305
290 305
291 305
292 305
293 305
294 305
295 305
296 305
297 305
298 305
299 305
300 305
301 305
302 305
284 306
285 306
286 306
287 306
288 306
289 306
290 306
291 306
292 306
293 306
294 306
295 306
296 306
297 306
298 306
299 306
300 306
301 306
302 306
303 306
284 307
285 307
286 307
287 307
288 307
289 307
290 307
291 307
292 307
293 307
294 307
295 307
296 307
297 307
298 307
299 307
300 307
301 307
302 307
303 307
284 308
285 308
286 308
287 308
288 308
289 308
290 308
291 308
292 308
293 308
294 308
295 308
296 308
297 308
298 308
299 308
300 308
301 308
302 308
303 308
284 309
285 309
286 309
287 309
288 309
289 309
290 309
291 309
292 309
293 309
294 309
295 309
296 309
297 309
298 309
299 309
300 309
301 309
302 309
303 309
284 310
285 310
286 310
287 310
288 310
289 310
290 310
291 310
292 310
293 310
294 310
295 310
296 310
297 310
298 310
299 310
300 310
301 310
302 310
303 310
284 311
285 311
286 311
287 311
288 311
289 311
290 311
291 311
292 311
293 311
294 311
295 311
296 311
297 311
298 311
299 311
300 311
301 311
302 311
303 311
284 312
285 312
286 312
287 312
288 312
289 312
290 312
291 312
292 312
293 312
294 312
295 312
296 312
297 312
298 312
299 312
300 312
301 312
302 312
303 312
284 313
285 313
286 313
287 313
288 313
289 313
290 313
291 313
292 313
293 313
294 313
295 313
296 313
297 313
298 313
299 313
300 313
301 313
302 313
303 313
284 314
285 314
286 314
287 314
288 314
289 314
290 314
291 314
292 314
293 314
294 314
295 314
296 314
297 314
298 314
299 314
300 314
301 314
302 314
303 314
284 315
285 315
286 315
287 315
288 315
289 315
290 315
291 315
292 315
293 315
294 315
295 315
296 315
297 315
298 315
299 315
300 315
301 315
302 315
303 315
284 316
285 316
286 316
287 316
288 316
289 316
290 316
291 316
292 316
293 316
294 316
295 316
296 316
297 316
298 316
299 316
300 316
301 316
302 316
303 316
284 317
285 317
286 317
287 317
288 317
289 317
290 317
291 317
292 317
293 317
294 317
295 317
296 317
297 317
298 317
299 317
300 317
301 317
302 317
303 317
284 318
285 318
286 318
287 318
288 318
289 318
290 318
291 318
292 318
293 318
294 318
295 318
296 318
297 318
298 318
299 318
300 318
301 318
302 318
303 318
284 319
285 319
286 319
287 319
288 319
289 319
290 319
291 319
292 319
293 319
294 319
295 319
296 319
297 319
298 319
299 319
300 319
301 319
302 319
303 319
284 320
285 320
286 320
287 320
288 320
289 320
290 320
291 320
292 320
293 320
294 320
295 320
296 320
297 320
298 320
299 320
300 320
301 320
302 320
303 320
284 321
285 321
286 321
287 321
288 321
289 321
290 321
291 321
292 321
293 321
294 321
295 321
296 321
297 321
298 321
299 321
300 321
301 321
302 321
303 321
284 322
285 322
286 322
287 322
288 322
289 322
290 322
291 322
292 322
293 322
294 322
295 322
296 322
297 322
298 322
299 322
300 322
301 322
302 322
303 322
284 323
285 323
286 323
287 323
288 323
289 323
290 323
291 323
292 323
293 323
294 323
295 323
296 323
297 323
298 323
299 323
300 323
301 323
302 323
303 323
284 324
285 324
286 324
287 324
288 324
289 324
290 324
291 324
292 324
293 324
294 324
295 324
296 324
297 324
298 324
299 324
300 324
301 324
302 324
284 325
285 325
286 325
287 325
288 325
289 325
290 325
291 325
292 325
293 325
294 325
295 325
296 325
297 325
298 325
299 325
300 325
301 325
302 325
284 326
285 326
286 326
287 326
288 326
289 326
290 326
291 326
292 326
293 326
294 326
295 326
296 326
297 326
298 326
299 326
300 326
301 326
302 326
284 327
285 327
286 327
287 327
288 327
289 327
290 327
291 327
292 327
293 327
294 327
295 327
296 327
297 327
298 327
299 327
300 327
301 327
284 328
285 328
286 328
287 328
288 328
289 328
290 328
291 328
292 328
293 328
294 328
295 328
296 328
297 328
298 328
299 328
300 328
284 329
285 329
286 329
287 329
288 329
289 329
290 329
291 329
292 329
293 329
294 329
295 329
296 329
297 329
298 329
299 329
284 330
285 330
286 330
287 330
288 330
289 330
290 330
291 330
292 330
293 330
294 330
295 330
296 330
297 330
298 330
299 330
285 331
286 331
287 331
288 331
289 331
290 331
291 331
292 331
293 331
294 331
295 331
296 331
297 331
298 331
286 332
287 332
288 332
289 332
290 332
291 332
292 332
293 332
294 332
295 332
296 332
297 332
287 333
288 333
289 333
290 333
291 333
292 333
293 333
294 333
295 333
296 333
288 334
289 334
290 334
291 334
292 334
293 334
294 334
295 334
289 335
290 335
291 335
292 335
293 335
