321 148
322 148
323 148
324 148
325 148
326 148
327 148
328 148
329 148
330 148
320 149
321 149
322 149
323 149
324 149
325 149
326 149
327 149
328 149
329 149
330 149
331 149
320 150
321 150
322 150
323 150
324 150
325 150
326 150
327 150
328 150
329 150
330 150
331 150
320 151
321 151
322 151
323 151
324 151
325 151
326 151
327 151
328 151
329 151
330 151
331 151
332 151
320 152
321 152
322 152
323 152
324 152
325 152
326 152
327 152
328 152
329 152
330 152
331 152
332 152
333 152
334 152
320 153
321 153
322 153
323 153
324 153
325 153
326 153
327 153
328 153
329 153
330 153
331 153
332 153
333 153
334 153
335 153
320 154
321 154
322 154
323 154
324 154
325 154
326 154
327 154
328 154
329 154
330 154
331 154
332 154
333 154
334 154
335 154
320 155
321 155
322 155
323 155
324 155
325 155
326 155
327 155
328 155
329 155
330 155
331 155
332 155
333 155
334 155
335 155
320 156
321 156
322 156
323 156
324 156
325 156
326 156
327 156
328 156
329 156
330 156
331 156
332 156
333 156
334 156
335 156
320 157
321 157
322 157
323 157
324 157
325 157
326 157
327 157
328 157
329 157
330 157
331 157
332 157
333 157
334 157
335 157
320 158
321 158
322 158
323 158
324 158
325 158
326 158
327 158
328 158
329 158
330 158
331 158
332 158
333 158
334 158
335 158
320 159
321 159
322 159
323 159
324 159
325 159
326 159
327 159
328 159
329 159
330 159
331 159
332 159
333 159
334 159
335 159
320 160
321 160
322 160
323 160
324 160
325 160
326 160
327 160
328 160
329 160
330 160
331 160
332 160
333 160
334 160
335 160
320 161
321 161
322 161
323 161
324 161
325 161
326 161
327 161
328 161
329 161
330 161
331 161
332 161
333 161
334 161
335 161
320 162
321 162
322 162
323 162
324 162
325 162
326 162
327 162
328 162
329 162
330 162
331 162
332 162
333 162
334 162
335 162
320 163
321 163
322 163
323 163
324 163
325 163
326 163
327 163
328 163
329 163
330 163
331 163
332 163
333 163
334 163
335 163
320 164
321 164
322 164
323 164
324 164
325 164
326 164
327 164
328 164
329 164
330 164
331 164
332 164
333 164
334 164
335 164
320 165
321 165
322 165
323 165
324 165
325 165
326 165
327 165
328 165
329 165
330 165
331 165
332 165
333 165
334 165
335 165
320 166
321 166
322 166
323 166
324 166
325 166
326 166
327 166
328 166
329 166
330 166
331 166
332 166
333 166
334 166
335 166
320 167
321 167
322 167
323 167
324 167
325 167
326 167
327 167
328 167
329 167
330 167
331 167
332 167
333 167
334 167
335 167
320 168
321 168
322 168
323 168
324 168
325 168
326 168
327 168
328 168
329 168
330 168
331 168
332 168
333 168
334 168
335 168
320 169
321 169
322 169
323 169
324 169
325 169
326 169
327 169
328 169
329 169
330 169
331 169
332 169
333 169
334 169
335 169
336 169
321 170
322 170
323 170
324 170
325 170
326 170
327 170
328 170
329 170
330 170
331 170
332 170
333 170
334 170
335 170
336 170
321 171
322 171
323 171
324 171
325 171
326 171
327 171
328 171
329 171
330 171
331 171
332 171
333 171
334 171
335 171
336 171
324 172
325 172
326 172
327 172
328 172
329 172
330 172
331 172
332 172
333 172
334 172
335 172
336 172
337 172
325 173
326 173
327 173
328 173
329 173
330 173
331 173
332 173
333 173
334 173
335 173
336 173
337 173
338 173
326 174
327 174
328 174
329 174
330 174
331 174
332 174
333 174
334 174
335 174
336 174
337 174
338 174
327 175
328 175
329 175
330 175
331 175
332 175
333 175
334 175
335 175
336 175
337 175
338 175
328 176
329 176
330 176
331 176
332 176
333 176
334 176
335 176
336 176
337 176
338 176
329 177
330 177
331 177
332 177
333 177
334 177
335 177
336 177
337 177
338 177
330 178
331 178
332 178
333 178
334 178
335 178
336 178
337 178
338 178
331 179
332 179
333 179
334 179
335 179
336 179
337 179
338 179
332 180
333 180
334 180
335 180
336 180
337 180
333 181
334 181
335 181
336 181
334 182
