277 312
278 312
279 312
280 312
281 312
282 312
283 312
284 312
285 312
286 312
276 313
277 313
278 313
279 313
280 313
281 313
282 313
283 313
284 313
285 313
286 313
287 313
275 314
276 314
277 314
278 314
279 314
280 314
281 314
282 314
283 314
284 314
285 314
286 314
287 314
274 315
275 315
276 315
277 315
278 315
279 315
280 315
281 315
282 315
283 315
284 315
285 315
286 315
287 315
288 315
273 316
274 316
275 316
276 316
277 316
278 316
279 316
280 316
281 316
282 316
283 316
284 316
285 316
286 316
287 316
288 316
289 316
290 316
272 317
273 317
274 317
275 317
276 317
277 317
278 317
279 317
280 317
281 317
282 317
283 317
284 317
285 317
286 317
287 317
288 317
289 317
290 317
291 317
272 318
273 318
274 318
275 318
276 318
277 318
278 318
279 318
280 318
281 318
282 318
283 318
284 318
285 318
286 318
287 318
288 318
289 318
290 318
291 318
272 319
273 319
274 319
275 319
276 319
277 319
278 319
279 319
280 319
281 319
282 319
283 319
284 319
285 319
286 319
287 319
288 319
289 319
290 319
291 319
272 320
273 320
274 320
275 320
276 320
277 320
278 320
279 320
280 320
281 320
282 320
283 320
284 320
285 320
286 320
287 320
288 320
289 320
290 320
291 320
272 321
273 321
274 321
275 321
276 321
277 321
278 321
279 321
280 321
281 321
282 321
283 321
284 321
285 321
286 321
287 321
288 321
289 321
290 321
291 321
272 322
273 322
274 322
275 322
276 322
277 322
278 322
279 322
280 322
281 322
282 322
283 322
284 322
285 322
286 322
287 322
288 322
289 322
290 322
291 322
292 322
272 323
273 323
274 323
275 323
276 323
277 323
278 323
279 323
280 323
281 323
282 323
283 323
284 323
285 323
286 323
287 323
288 323
289 323
290 323
291 323
292 323
293 323
272 324
273 324
274 324
275 324
276 324
277 324
278 324
279 324
280 324
281 324
282 324
283 324
284 324
285 324
286 324
287 324
288 324
289 324
290 324
291 324
292 324
293 324
294 324
272 325
273 325
274 325
275 325
276 325
277 325
278 325
279 325
280 325
281 325
282 325
283 325
284 325
285 325
286 325
287 325
288 325
289 325
290 325
291 325
292 325
293 325
294 325
295 325
272 326
273 326
274 326
275 326
276 326
277 326
278 326
279 326
280 326
281 326
282 326
283 326
284 326
285 326
286 326
287 326
288 326
289 326
290 326
291 326
292 326
293 326
294 326
295 326
272 327
273 327
274 327
275 327
276 327
277 327
278 327
279 327
280 327
281 327
282 327
283 327
284 327
285 327
286 327
287 327
288 327
289 327
290 327
291 327
292 327
293 327
294 327
295 327
272 328
273 328
274 328
275 328
276 328
277 328
278 328
279 328
280 328
281 328
282 328
283 328
284 328
285 328
286 328
287 328
288 328
289 328
290 328
291 328
292 328
293 328
294 328
295 328
272 329
273 329
274 329
275 329
276 329
277 329
278 329
279 329
280 329
281 329
282 329
283 329
284 329
285 329
286 329
287 329
288 329
289 329
290 329
291 329
292 329
293 329
294 329
295 329
272 330
273 330
274 330
275 330
276 330
277 330
278 330
279 330
280 330
281 330
282 330
283 330
284 330
285 330
286 330
287 330
288 330
289 330
290 330
291 330
292 330
293 330
294 330
295 330
272 331
273 331
274 331
275 331
276 331
277 331
278 331
279 331
280 331
281 331
282 331
283 331
284 331
285 331
286 331
287 331
288 331
289 331
290 331
291 331
292 331
293 331
294 331
295 331
272 332
273 332
274 332
275 332
276 332
277 332
278 332
279 332
280 332
281 332
282 332
283 332
284 332
285 332
286 332
287 332
288 332
289 332
290 332
291 332
292 332
293 332
294 332
295 332
272 333
273 333
274 333
275 333
276 333
277 333
278 333
279 333
280 333
281 333
282 333
283 333
284 333
285 333
286 333
287 333
288 333
289 333
290 333
291 333
292 333
293 333
294 333
295 333
272 334
273 334
274 334
275 334
276 334
277 334
278 334
279 334
280 334
281 334
282 334
283 334
284 334
285 334
286 334
287 334
288 334
289 334
290 334
291 334
292 334
293 334
294 334
295 334
272 335
273 335
274 335
275 335
276 335
277 335
278 335
279 335
280 335
281 335
282 335
283 335
284 335
285 335
286 335
287 335
288 335
289 335
290 335
291 335
292 335
293 335
294 335
295 335
272 336
273 336
274 336
275 336
276 336
277 336
278 336
279 336
280 336
281 336
282 336
283 336
284 336
285 336
286 336
287 336
288 336
289 336
290 336
291 336
292 336
293 336
294 336
295 336
272 337
273 337
274 337
275 337
276 337
277 337
278 337
279 337
280 337
281 337
282 337
283 337
284 337
285 337
286 337
287 337
288 337
289 337
290 337
291 337
292 337
293 337
294 337
295 337
272 338
273 338
274 338
275 338
276 338
277 338
278 338
279 338
280 338
281 338
282 338
283 338
284 338
285 338
286 338
287 338
288 338
289 338
290 338
291 338
292 338
293 338
294 338
295 338
272 339
273 339
274 339
275 339
276 339
277 339
278 339
279 339
280 339
281 339
282 339
283 339
284 339
285 339
286 339
287 339
288 339
289 339
290 339
291 339
292 339
293 339
294 339
295 339
272 340
273 340
274 340
275 340
276 340
277 340
278 340
279 340
280 340
281 340
282 340
283 340
284 340
285 340
286 340
287 340
288 340
289 340
290 340
291 340
292 340
293 340
294 340
295 340
272 341
273 341
274 341
275 341
276 341
277 341
278 341
279 341
280 341
281 341
282 341
283 341
284 341
285 341
286 341
287 341
288 341
289 341
290 341
291 341
292 341
293 341
294 341
295 341
272 342
273 342
274 342
275 342
276 342
277 342
278 342
279 342
280 342
281 342
282 342
283 342
284 342
285 342
286 342
287 342
288 342
289 342
290 342
291 342
292 342
293 342
294 342
295 342
272 343
273 343
274 343
275 343
276 343
277 343
278 343
279 343
280 343
281 343
282 343
283 343
284 343
285 343
286 343
287 343
288 343
289 343
290 343
291 343
292 343
293 343
294 343
295 343
272 344
273 344
274 344
275 344
276 344
277 344
278 344
279 344
280 344
281 344
282 344
283 344
284 344
285 344
286 344
287 344
288 344
289 344
290 344
291 344
292 344
293 344
294 344
295 344
272 345
273 345
274 345
275 345
276 345
277 345
278 345
279 345
280 345
281 345
282 345
283 345
284 345
285 345
286 345
287 345
288 345
289 345
290 345
291 345
292 345
293 345
294 345
295 345
272 346
273 346
274 346
275 346
276 346
277 346
278 346
279 346
280 346
281 346
282 346
283 346
284 346
285 346
286 346
287 346
288 346
289 346
290 346
291 346
292 346
293 346
294 346
295 346
272 347
273 347
274 347
275 347
276 347
277 347
278 347
279 347
280 347
281 347
282 347
283 347
284 347
285 347
286 347
287 347
288 347
289 347
290 347
291 347
292 347
293 347
294 347
295 347
272 348
273 348
274 348
275 348
276 348
277 348
278 348
279 348
280 348
281 348
282 348
283 348
284 348
285 348
286 348
287 348
288 348
289 348
290 348
291 348
292 348
293 348
294 348
295 348
272 349
273 349
274 349
275 349
276 349
277 349
278 349
279 349
280 349
281 349
282 349
283 349
284 349
285 349
286 349
287 349
288 349
289 349
290 349
291 349
292 349
293 349
294 349
295 349
272 350
273 350
274 350
275 350
276 350
277 350
278 350
279 350
280 350
281 350
282 350
283 350
284 350
285 350
286 350
287 350
288 350
289 350
290 350
291 350
292 350
293 350
294 350
295 350
272 351
273 351
274 351
275 351
276 351
277 351
278 351
279 351
280 351
281 351
282 351
283 351
284 351
285 351
286 351
287 351
288 351
289 351
290 351
291 351
292 351
293 351
294 351
295 351
272 352
273 352
274 352
275 352
276 352
277 352
278 352
279 352
280 352
281 352
282 352
283 352
284 352
285 352
286 352
287 352
288 352
289 352
290 352
291 352
292 352
293 352
294 352
295 352
272 353
273 353
274 353
275 353
276 353
277 353
278 353
279 353
280 353
281 353
282 353
283 353
284 353
285 353
286 353
287 353
288 353
289 353
290 353
291 353
292 353
293 353
294 353
295 353
272 354
273 354
274 354
275 354
276 354
277 354
278 354
279 354
280 354
281 354
282 354
283 354
284 354
285 354
286 354
287 354
288 354
289 354
290 354
291 354
292 354
293 354
294 354
295 354
272 355
273 355
274 355
275 355
276 355
277 355
278 355
279 355
280 355
281 355
282 355
283 355
284 355
285 355
286 355
287 355
288 355
289 355
290 355
291 355
292 355
293 355
294 355
295 355
273 356
274 356
275 356
276 356
277 356
278 356
279 356
280 356
281 356
282 356
283 356
284 356
285 356
286 356
287 356
288 356
289 356
290 356
291 356
292 356
293 356
294 356
273 357
274 357
275 357
276 357
277 357
278 357
279 357
280 357
281 357
282 357
283 357
284 357
285 357
286 357
287 357
288 357
289 357
290 357
291 357
292 357
293 357
294 357
274 358
275 358
276 358
277 358
278 358
279 358
280 358
281 358
282 358
283 358
284 358
285 358
286 358
287 358
288 358
289 358
290 358
291 358
292 358
293 358
275 359
276 359
277 359
278 359
279 359
280 359
281 359
282 359
283 359
284 359
285 359
286 359
287 359
288 359
289 359
290 359
291 359
292 359
275 360
276 360
277 360
278 360
279 360
280 360
281 360
282 360
283 360
284 360
285 360
286 360
287 360
288 360
289 360
290 360
291 360
292 360
276 361
277 361
278 361
279 361
280 361
281 361
282 361
283 361
284 361
285 361
286 361
287 361
288 361
289 361
290 361
291 361
276 362
277 362
278 362
279 362
280 362
281 362
282 362
283 362
284 362
285 362
286 362
287 362
288 362
289 362
290 362
291 362
277 363
278 363
279 363
280 363
281 363
282 363
283 363
284 363
285 363
286 363
287 363
288 363
289 363
290 363
279 364
280 364
281 364
282 364
283 364
284 364
285 364
286 364
287 364
288 364
280 365
281 365
282 365
283 365
284 365
285 365
286 365
287 365
281 366
282 366
283 366
284 366
285 366
286 366
287 366
282 367
283 367
284 367
285 367
286 367
