322 308
323 308
324 308
325 308
326 308
327 308
328 308
329 308
330 308
321 309
322 309
323 309
324 309
325 309
326 309
327 309
328 309
329 309
330 309
331 309
332 309
320 310
321 310
322 310
323 310
324 310
325 310
326 310
327 310
328 310
329 310
330 310
331 310
332 310
333 310
320 311
321 311
322 311
323 311
324 311
325 311
326 311
327 311
328 311
329 311
330 311
331 311
332 311
333 311
320 312
321 312
322 312
323 312
324 312
325 312
326 312
327 312
328 312
329 312
330 312
331 312
332 312
333 312
320 313
321 313
322 313
323 313
324 313
325 313
326 313
327 313
328 313
329 313
330 313
331 313
332 313
333 313
320 314
321 314
322 314
323 314
324 314
325 314
326 314
327 314
328 314
329 314
330 314
331 314
332 314
333 314
320 315
321 315
322 315
323 315
324 315
325 315
326 315
327 315
328 315
329 315
330 315
331 315
332 315
320 316
321 316
322 316
323 316
324 316
325 316
326 316
327 316
328 316
329 316
330 316
331 316
332 316
320 317
321 317
322 317
323 317
324 317
325 317
326 317
327 317
328 317
329 317
330 317
331 317
332 317
320 318
321 318
322 318
323 318
324 318
325 318
326 318
327 318
328 318
329 318
330 318
331 318
332 318
320 319
321 319
322 319
323 319
324 319
325 319
326 319
327 319
328 319
329 319
330 319
331 319
332 319
320 320
321 320
322 320
323 320
324 320
325 320
326 320
327 320
328 320
329 320
330 320
331 320
332 320
320 321
321 321
322 321
323 321
324 321
325 321
326 321
327 321
328 321
329 321
330 321
331 321
332 321
320 322
321 322
322 322
323 322
324 322
325 322
326 322
327 322
328 322
329 322
330 322
331 322
320 323
321 323
322 323
323 323
324 323
325 323
326 323
327 323
328 323
329 323
330 323
331 323
320 324
321 324
322 324
323 324
324 324
325 324
326 324
327 324
328 324
329 324
330 324
331 324
320 325
321 325
322 325
323 325
324 325
325 325
326 325
327 325
328 325
329 325
330 325
331 325
320 326
321 326
322 326
323 326
324 326
325 326
326 326
327 326
328 326
329 326
330 326
331 326
320 327
321 327
322 327
323 327
324 327
325 327
326 327
327 327
328 327
329 327
330 327
331 327
320 328
321 328
322 328
323 328
324 328
325 328
326 328
327 328
328 328
329 328
330 328
331 328
320 329
321 329
322 329
323 329
324 329
325 329
326 329
327 329
328 329
329 329
330 329
331 329
320 330
321 330
322 330
323 330
324 330
325 330
326 330
327 330
328 330
329 330
330 330
331 330
320 331
321 331
322 331
323 331
324 331
325 331
326 331
327 331
328 331
329 331
330 331
320 332
321 332
322 332
323 332
324 332
325 332
326 332
327 332
328 332
329 332
330 332
320 333
321 333
322 333
323 333
324 333
325 333
326 333
327 333
328 333
329 333
320 334
321 334
322 334
323 334
324 334
325 334
326 334
327 334
328 334
321 335
322 335
323 335
324 335
325 335
326 335
327 335
321 336
322 336
323 336
324 336
325 336
