347 368
348 368
349 368
350 368
351 368
352 368
353 368
354 368
355 368
356 368
357 368
358 368
345 369
346 369
347 369
348 369
349 369
350 369
351 369
352 369
353 369
354 369
355 369
356 369
357 369
358 369
359 369
360 369
344 370
345 370
346 370
347 370
348 370
349 370
350 370
351 370
352 370
353 370
354 370
355 370
356 370
357 370
358 370
359 370
360 370
344 371
345 371
346 371
347 371
348 371
349 371
350 371
351 371
352 371
353 371
354 371
355 371
356 371
357 371
358 371
359 371
360 371
361 371
343 372
344 372
345 372
346 372
347 372
348 372
349 372
350 372
351 372
352 372
353 372
354 372
355 372
356 372
357 372
358 372
359 372
360 372
361 372
343 373
344 373
345 373
346 373
347 373
348 373
349 373
350 373
351 373
352 373
353 373
354 373
355 373
356 373
357 373
358 373
359 373
360 373
361 373
342 374
343 374
344 374
345 374
346 374
347 374
348 374
349 374
350 374
351 374
352 374
353 374
354 374
355 374
356 374
357 374
358 374
359 374
360 374
361 374
362 374
342 375
343 375
344 375
345 375
346 375
347 375
348 375
349 375
350 375
351 375
352 375
353 375
354 375
355 375
356 375
357 375
358 375
359 375
360 375
361 375
362 375
341 376
342 376
343 376
344 376
345 376
346 376
347 376
348 376
349 376
350 376
351 376
352 376
353 376
354 376
355 376
356 376
357 376
358 376
359 376
360 376
361 376
362 376
341 377
342 377
343 377
344 377
345 377
346 377
347 377
348 377
349 377
350 377
351 377
352 377
353 377
354 377
355 377
356 377
357 377
358 377
359 377
360 377
361 377
362 377
341 378
342 378
343 378
344 378
345 378
346 378
347 378
348 378
349 378
350 378
351 378
352 378
353 378
354 378
355 378
356 378
357 378
358 378
359 378
360 378
361 378
362 378
341 379
342 379
343 379
344 379
345 379
346 379
347 379
348 379
349 379
350 379
351 379
352 379
353 379
354 379
355 379
356 379
357 379
358 379
359 379
360 379
361 379
362 379
340 380
341 380
342 380
343 380
344 380
345 380
346 380
347 380
348 380
349 380
350 380
351 380
352 380
353 380
354 380
355 380
356 380
357 380
358 380
359 380
360 380
361 380
362 380
340 381
341 381
342 381
343 381
344 381
345 381
346 381
347 381
348 381
349 381
350 381
351 381
352 381
353 381
354 381
355 381
356 381
357 381
358 381
359 381
360 381
361 381
362 381
340 382
341 382
342 382
343 382
344 382
345 382
346 382
347 382
348 382
349 382
350 382
351 382
352 382
353 382
354 382
355 382
356 382
357 382
358 382
359 382
360 382
361 382
362 382
340 383
341 383
342 383
343 383
344 383
345 383
346 383
347 383
348 383
349 383
350 383
351 383
352 383
353 383
354 383
355 383
356 383
357 383
358 383
359 383
360 383
361 383
362 383
340 384
341 384
342 384
343 384
344 384
345 384
346 384
347 384
348 384
349 384
350 384
351 384
352 384
353 384
354 384
355 384
356 384
357 384
358 384
359 384
360 384
361 384
362 384
340 385
341 385
342 385
343 385
344 385
345 385
346 385
347 385
348 385
349 385
350 385
351 385
352 385
353 385
354 385
355 385
356 385
357 385
358 385
359 385
360 385
361 385
362 385
340 386
341 386
342 386
343 386
344 386
345 386
346 386
347 386
348 386
349 386
350 386
351 386
352 386
353 386
354 386
355 386
356 386
357 386
358 386
359 386
360 386
361 386
362 386
340 387
341 387
342 387
343 387
344 387
345 387
346 387
347 387
348 387
349 387
350 387
351 387
352 387
353 387
354 387
355 387
356 387
357 387
358 387
359 387
360 387
361 387
362 387
340 388
341 388
342 388
343 388
344 388
345 388
346 388
347 388
348 388
349 388
350 388
351 388
352 388
353 388
354 388
355 388
356 388
357 388
358 388
359 388
360 388
361 388
362 388
340 389
341 389
342 389
343 389
344 389
345 389
346 389
347 389
348 389
349 389
350 389
351 389
352 389
353 389
354 389
355 389
356 389
357 389
358 389
359 389
360 389
361 389
362 389
340 390
341 390
342 390
343 390
344 390
345 390
346 390
347 390
348 390
349 390
350 390
351 390
352 390
353 390
354 390
355 390
356 390
357 390
358 390
359 390
360 390
361 390
362 390
340 391
341 391
342 391
343 391
344 391
345 391
346 391
347 391
348 391
349 391
350 391
351 391
352 391
353 391
354 391
355 391
356 391
357 391
358 391
359 391
360 391
361 391
362 391
340 392
341 392
342 392
343 392
344 392
345 392
346 392
347 392
348 392
349 392
350 392
351 392
352 392
353 392
354 392
355 392
356 392
357 392
358 392
359 392
360 392
361 392
362 392
340 393
341 393
342 393
343 393
344 393
345 393
346 393
347 393
348 393
349 393
350 393
351 393
352 393
353 393
354 393
355 393
356 393
357 393
358 393
359 393
360 393
361 393
362 393
340 394
341 394
342 394
343 394
344 394
345 394
346 394
347 394
348 394
349 394
350 394
351 394
352 394
353 394
354 394
355 394
356 394
357 394
358 394
359 394
360 394
361 394
340 395
341 395
342 395
343 395
344 395
345 395
346 395
347 395
348 395
349 395
350 395
351 395
352 395
353 395
354 395
355 395
356 395
357 395
358 395
359 395
360 395
361 395
340 396
341 396
342 396
343 396
344 396
345 396
346 396
347 396
348 396
349 396
350 396
351 396
352 396
353 396
354 396
355 396
356 396
357 396
358 396
359 396
360 396
361 396
340 397
341 397
342 397
343 397
344 397
345 397
346 397
347 397
348 397
349 397
350 397
351 397
352 397
353 397
354 397
355 397
356 397
357 397
358 397
359 397
360 397
361 397
340 398
341 398
342 398
343 398
344 398
345 398
346 398
347 398
348 398
349 398
350 398
351 398
352 398
353 398
354 398
355 398
356 398
357 398
358 398
359 398
360 398
361 398
340 399
341 399
342 399
343 399
344 399
345 399
346 399
347 399
348 399
349 399
350 399
351 399
352 399
353 399
354 399
355 399
356 399
357 399
358 399
359 399
360 399
361 399
340 400
341 400
342 400
343 400
344 400
345 400
346 400
347 400
348 400
349 400
350 400
351 400
352 400
353 400
354 400
355 400
356 400
357 400
358 400
359 400
360 400
340 401
341 401
342 401
343 401
344 401
345 401
346 401
347 401
348 401
349 401
350 401
351 401
352 401
353 401
354 401
355 401
356 401
357 401
358 401
359 401
360 401
340 402
341 402
342 402
343 402
344 402
345 402
346 402
347 402
348 402
349 402
350 402
351 402
352 402
353 402
354 402
355 402
356 402
357 402
358 402
359 402
360 402
340 403
341 403
342 403
343 403
344 403
345 403
346 403
347 403
348 403
349 403
350 403
351 403
352 403
353 403
354 403
355 403
356 403
357 403
358 403
359 403
340 404
341 404
342 404
343 404
344 404
345 404
346 404
347 404
348 404
349 404
350 404
351 404
352 404
353 404
354 404
355 404
356 404
357 404
358 404
359 404
340 405
341 405
342 405
343 405
344 405
345 405
346 405
347 405
348 405
349 405
350 405
351 405
352 405
353 405
354 405
355 405
356 405
357 405
358 405
359 405
341 406
342 406
343 406
344 406
345 406
346 406
347 406
348 406
349 406
350 406
351 406
352 406
353 406
354 406
355 406
356 406
357 406
358 406
341 407
342 407
343 407
344 407
345 407
346 407
347 407
348 407
349 407
350 407
351 407
352 407
353 407
354 407
355 407
356 407
357 407
358 407
342 408
343 408
344 408
345 408
346 408
347 408
348 408
349 408
350 408
351 408
352 408
353 408
354 408
355 408
356 408
343 409
344 409
345 409
346 409
347 409
348 409
349 409
350 409
351 409
352 409
353 409
354 409
355 409
344 410
345 410
346 410
347 410
348 410
349 410
350 410
351 410
352 410
353 410
354 410
355 410
345 411
346 411
347 411
348 411
349 411
350 411
351 411
352 411
353 411
354 411
346 412
347 412
348 412
349 412
350 412
351 412
352 412
353 412
349 413
350 413
