350 128
351 128
352 128
353 128
354 128
355 128
356 128
357 128
358 128
359 128
360 128
361 128
362 128
349 129
350 129
351 129
352 129
353 129
354 129
355 129
356 129
357 129
358 129
359 129
360 129
361 129
362 129
363 129
348 130
349 130
350 130
351 130
352 130
353 130
354 130
355 130
356 130
357 130
358 130
359 130
360 130
361 130
362 130
363 130
347 131
348 131
349 131
350 131
351 131
352 131
353 131
354 131
355 131
356 131
357 131
358 131
359 131
360 131
361 131
362 131
363 131
347 132
348 132
349 132
350 132
351 132
352 132
353 132
354 132
355 132
356 132
357 132
358 132
359 132
360 132
361 132
362 132
363 132
345 133
346 133
347 133
348 133
349 133
350 133
351 133
352 133
353 133
354 133
355 133
356 133
357 133
358 133
359 133
360 133
361 133
362 133
363 133
364 133
345 134
346 134
347 134
348 134
349 134
350 134
351 134
352 134
353 134
354 134
355 134
356 134
357 134
358 134
359 134
360 134
361 134
362 134
363 134
364 134
344 135
345 135
346 135
347 135
348 135
349 135
350 135
351 135
352 135
353 135
354 135
355 135
356 135
357 135
358 135
359 135
360 135
361 135
362 135
363 135
364 135
365 135
344 136
345 136
346 136
347 136
348 136
349 136
350 136
351 136
352 136
353 136
354 136
355 136
356 136
357 136
358 136
359 136
360 136
361 136
362 136
363 136
364 136
365 136
344 137
345 137
346 137
347 137
348 137
349 137
350 137
351 137
352 137
353 137
354 137
355 137
356 137
357 137
358 137
359 137
360 137
361 137
362 137
363 137
364 137
365 137
366 137
344 138
345 138
346 138
347 138
348 138
349 138
350 138
351 138
352 138
353 138
354 138
355 138
356 138
357 138
358 138
359 138
360 138
361 138
362 138
363 138
364 138
365 138
366 138
343 139
344 139
345 139
346 139
347 139
348 139
349 139
350 139
351 139
352 139
353 139
354 139
355 139
356 139
357 139
358 139
359 139
360 139
361 139
362 139
363 139
364 139
365 139
366 139
342 140
343 140
344 140
345 140
346 140
347 140
348 140
349 140
350 140
351 140
352 140
353 140
354 140
355 140
356 140
357 140
358 140
359 140
360 140
361 140
362 140
363 140
364 140
365 140
366 140
341 141
342 141
343 141
344 141
345 141
346 141
347 141
348 141
349 141
350 141
351 141
352 141
353 141
354 141
355 141
356 141
357 141
358 141
359 141
360 141
361 141
362 141
363 141
364 141
365 141
366 141
340 142
341 142
342 142
343 142
344 142
345 142
346 142
347 142
348 142
349 142
350 142
351 142
352 142
353 142
354 142
355 142
356 142
357 142
358 142
359 142
360 142
361 142
362 142
363 142
364 142
365 142
366 142
340 143
341 143
342 143
343 143
344 143
345 143
346 143
347 143
348 143
349 143
350 143
351 143
352 143
353 143
354 143
355 143
356 143
357 143
358 143
359 143
360 143
361 143
362 143
363 143
364 143
365 143
366 143
340 144
341 144
342 144
343 144
344 144
345 144
346 144
347 144
348 144
349 144
350 144
351 144
352 144
353 144
354 144
355 144
356 144
357 144
358 144
359 144
360 144
361 144
362 144
363 144
364 144
365 144
366 144
340 145
341 145
342 145
343 145
344 145
345 145
346 145
347 145
348 145
349 145
350 145
351 145
352 145
353 145
354 145
355 145
356 145
357 145
358 145
359 145
360 145
361 145
362 145
363 145
364 145
365 145
340 146
341 146
342 146
343 146
344 146
345 146
346 146
347 146
348 146
349 146
350 146
351 146
352 146
353 146
354 146
355 146
356 146
357 146
358 146
359 146
360 146
361 146
362 146
363 146
364 146
365 146
340 147
341 147
342 147
343 147
344 147
345 147
346 147
347 147
348 147
349 147
350 147
351 147
352 147
353 147
354 147
355 147
356 147
357 147
358 147
359 147
360 147
361 147
362 147
363 147
364 147
340 148
341 148
342 148
343 148
344 148
345 148
346 148
347 148
348 148
349 148
350 148
351 148
352 148
353 148
354 148
355 148
356 148
357 148
358 148
359 148
360 148
361 148
362 148
363 148
340 149
341 149
342 149
343 149
344 149
345 149
346 149
347 149
348 149
349 149
350 149
351 149
352 149
353 149
354 149
355 149
356 149
357 149
358 149
359 149
360 149
361 149
362 149
363 149
340 150
341 150
342 150
343 150
344 150
345 150
346 150
347 150
348 150
349 150
350 150
351 150
352 150
353 150
354 150
355 150
356 150
357 150
358 150
359 150
360 150
361 150
362 150
363 150
340 151
341 151
342 151
343 151
344 151
345 151
346 151
347 151
348 151
349 151
350 151
351 151
352 151
353 151
354 151
355 151
356 151
357 151
358 151
359 151
360 151
361 151
362 151
340 152
341 152
342 152
343 152
344 152
345 152
346 152
347 152
348 152
349 152
350 152
351 152
352 152
353 152
354 152
355 152
356 152
357 152
358 152
359 152
360 152
361 152
362 152
340 153
341 153
342 153
343 153
344 153
345 153
346 153
347 153
348 153
349 153
350 153
351 153
352 153
353 153
354 153
355 153
356 153
357 153
358 153
359 153
360 153
361 153
340 154
341 154
342 154
343 154
344 154
345 154
346 154
347 154
348 154
349 154
350 154
351 154
352 154
353 154
354 154
355 154
356 154
357 154
358 154
359 154
360 154
361 154
340 155
341 155
342 155
343 155
344 155
345 155
346 155
347 155
348 155
349 155
350 155
351 155
352 155
353 155
354 155
355 155
356 155
357 155
358 155
359 155
360 155
340 156
341 156
342 156
343 156
344 156
345 156
346 156
347 156
348 156
349 156
350 156
351 156
352 156
353 156
354 156
355 156
356 156
357 156
358 156
359 156
360 156
340 157
341 157
342 157
343 157
344 157
345 157
346 157
347 157
348 157
349 157
350 157
351 157
352 157
353 157
354 157
355 157
356 157
357 157
358 157
359 157
340 158
341 158
342 158
343 158
344 158
345 158
346 158
347 158
348 158
349 158
350 158
351 158
352 158
353 158
354 158
355 158
356 158
357 158
358 158
359 158
340 159
341 159
342 159
343 159
344 159
345 159
346 159
347 159
348 159
349 159
350 159
351 159
352 159
353 159
354 159
355 159
356 159
357 159
358 159
359 159
340 160
341 160
342 160
343 160
344 160
345 160
346 160
347 160
348 160
349 160
350 160
351 160
352 160
353 160
354 160
355 160
356 160
357 160
358 160
359 160
340 161
341 161
342 161
343 161
344 161
345 161
346 161
347 161
348 161
349 161
350 161
351 161
352 161
353 161
354 161
355 161
356 161
357 161
358 161
359 161
340 162
341 162
342 162
343 162
344 162
345 162
346 162
347 162
348 162
349 162
350 162
351 162
352 162
353 162
354 162
355 162
356 162
357 162
358 162
359 162
340 163
341 163
342 163
343 163
344 163
345 163
346 163
347 163
348 163
349 163
350 163
351 163
352 163
353 163
354 163
355 163
356 163
357 163
358 163
359 163
340 164
341 164
342 164
343 164
344 164
345 164
346 164
347 164
348 164
349 164
350 164
351 164
352 164
353 164
354 164
355 164
356 164
357 164
358 164
359 164
340 165
341 165
342 165
343 165
344 165
345 165
346 165
347 165
348 165
349 165
350 165
351 165
352 165
353 165
354 165
355 165
356 165
357 165
358 165
359 165
340 166
341 166
342 166
343 166
344 166
345 166
346 166
347 166
348 166
349 166
350 166
351 166
352 166
353 166
354 166
355 166
356 166
357 166
358 166
359 166
340 167
341 167
342 167
343 167
344 167
345 167
346 167
347 167
348 167
349 167
350 167
351 167
352 167
353 167
354 167
355 167
356 167
357 167
358 167
359 167
340 168
341 168
342 168
343 168
344 168
345 168
346 168
347 168
348 168
349 168
350 168
351 168
352 168
353 168
354 168
355 168
356 168
357 168
358 168
359 168
340 169
341 169
342 169
343 169
344 169
345 169
346 169
347 169
348 169
349 169
350 169
351 169
352 169
353 169
354 169
355 169
356 169
357 169
358 169
359 169
340 170
341 170
342 170
343 170
344 170
345 170
346 170
347 170
348 170
349 170
350 170
351 170
352 170
353 170
354 170
355 170
356 170
357 170
358 170
359 170
340 171
341 171
342 171
343 171
344 171
345 171
346 171
347 171
348 171
349 171
350 171
351 171
352 171
353 171
354 171
355 171
356 171
357 171
358 171
359 171
340 172
341 172
342 172
343 172
344 172
345 172
346 172
347 172
348 172
349 172
350 172
351 172
352 172
353 172
354 172
355 172
356 172
357 172
358 172
359 172
340 173
341 173
342 173
343 173
344 173
345 173
346 173
347 173
348 173
349 173
350 173
351 173
352 173
353 173
354 173
355 173
356 173
357 173
358 173
359 173
340 174
341 174
342 174
343 174
344 174
345 174
346 174
347 174
348 174
349 174
350 174
351 174
352 174
353 174
354 174
355 174
356 174
357 174
358 174
359 174
340 175
341 175
342 175
343 175
344 175
345 175
346 175
347 175
348 175
349 175
350 175
351 175
352 175
353 175
354 175
355 175
356 175
357 175
358 175
359 175
340 176
341 176
342 176
343 176
344 176
345 176
346 176
347 176
348 176
349 176
350 176
351 176
352 176
353 176
354 176
355 176
356 176
357 176
358 176
359 176
340 177
341 177
342 177
343 177
344 177
345 177
346 177
347 177
348 177
349 177
350 177
351 177
352 177
353 177
354 177
355 177
356 177
357 177
358 177
359 177
340 178
341 178
342 178
343 178
344 178
345 178
346 178
347 178
348 178
349 178
350 178
351 178
352 178
353 178
354 178
355 178
356 178
357 178
358 178
359 178
340 179
341 179
342 179
343 179
344 179
345 179
346 179
347 179
348 179
349 179
350 179
351 179
352 179
353 179
354 179
355 179
356 179
357 179
358 179
359 179
340 180
341 180
342 180
343 180
344 180
345 180
346 180
347 180
348 180
349 180
350 180
351 180
352 180
353 180
354 180
355 180
356 180
357 180
358 180
359 180
341 181
342 181
343 181
344 181
345 181
346 181
347 181
348 181
349 181
350 181
351 181
352 181
353 181
354 181
355 181
356 181
357 181
358 181
359 181
341 182
342 182
343 182
344 182
345 182
346 182
347 182
348 182
349 182
350 182
351 182
352 182
353 182
354 182
355 182
356 182
357 182
358 182
342 183
343 183
344 183
345 183
346 183
347 183
348 183
349 183
350 183
351 183
352 183
353 183
354 183
355 183
356 183
357 183
358 183
343 184
344 184
345 184
346 184
347 184
348 184
349 184
350 184
351 184
352 184
353 184
354 184
355 184
356 184
357 184
358 184
344 185
345 185
346 185
347 185
348 185
349 185
350 185
351 185
352 185
353 185
354 185
355 185
356 185
357 185
358 185
344 186
345 186
346 186
347 186
348 186
349 186
350 186
351 186
352 186
353 186
354 186
355 186
356 186
357 186
346 187
347 187
348 187
349 187
350 187
351 187
352 187
353 187
354 187
355 187
356 187
349 188
350 188
351 188
352 188
353 188
354 188
355 188
352 189
353 189
354 189
