370 332
371 332
372 332
373 332
374 332
375 332
376 332
369 333
370 333
371 333
372 333
373 333
374 333
375 333
376 333
377 333
378 333
379 333
380 333
381 333
382 333
368 334
369 334
370 334
371 334
372 334
373 334
374 334
375 334
376 334
377 334
378 334
379 334
380 334
381 334
382 334
368 335
369 335
370 335
371 335
372 335
373 335
374 335
375 335
376 335
377 335
378 335
379 335
380 335
381 335
382 335
368 336
369 336
370 336
371 336
372 336
373 336
374 336
375 336
376 336
377 336
378 336
379 336
380 336
381 336
382 336
368 337
369 337
370 337
371 337
372 337
373 337
374 337
375 337
376 337
377 337
378 337
379 337
380 337
381 337
368 338
369 338
370 338
371 338
372 338
373 338
374 338
375 338
376 338
377 338
378 338
379 338
380 338
381 338
368 339
369 339
370 339
371 339
372 339
373 339
374 339
375 339
376 339
377 339
378 339
379 339
380 339
381 339
368 340
369 340
370 340
371 340
372 340
373 340
374 340
375 340
376 340
377 340
378 340
379 340
380 340
381 340
368 341
369 341
370 341
371 341
372 341
373 341
374 341
375 341
376 341
368 342
369 342
370 342
371 342
372 342
373 342
374 342
375 342
376 342
368 343
369 343
370 343
371 343
372 343
373 343
374 343
375 343
376 343
368 344
369 344
370 344
371 344
372 344
373 344
374 344
375 344
376 344
381 344
368 345
369 345
370 345
371 345
372 345
373 345
374 345
375 345
376 345
380 345
381 345
368 346
369 346
370 346
371 346
372 346
373 346
374 346
375 346
376 346
380 346
381 346
368 347
369 347
370 347
371 347
372 347
373 347
374 347
375 347
376 347
380 347
381 347
368 348
369 348
370 348
371 348
372 348
373 348
374 348
375 348
376 348
377 348
379 348
380 348
381 348
368 349
369 349
370 349
371 349
372 349
373 349
374 349
375 349
376 349
377 349
379 349
380 349
381 349
368 350
369 350
370 350
371 350
372 350
373 350
374 350
375 350
376 350
377 350
378 350
379 350
380 350
381 350
368 351
369 351
370 351
371 351
372 351
373 351
374 351
375 351
376 351
377 351
378 351
379 351
380 351
381 351
368 352
369 352
370 352
371 352
372 352
373 352
374 352
375 352
376 352
377 352
378 352
379 352
380 352
368 353
369 353
370 353
371 353
372 353
373 353
374 353
375 353
376 353
377 353
378 353
379 353
380 353
368 354
369 354
370 354
371 354
372 354
373 354
374 354
375 354
376 354
377 354
378 354
379 354
380 354
369 355
370 355
371 355
372 355
373 355
374 355
375 355
376 355
377 355
378 355
379 355
369 356
370 356
371 356
372 356
373 356
374 356
375 356
376 356
377 356
378 356
379 356
369 357
370 357
371 357
372 357
373 357
374 357
375 357
376 357
377 357
378 357
379 357
369 358
370 358
371 358
372 358
373 358
374 358
375 358
376 358
377 358
373 359
