229 148
230 148
231 148
232 148
233 148
234 148
235 148
236 148
237 148
238 148
239 148
240 148
228 149
229 149
230 149
231 149
232 149
233 149
234 149
235 149
236 149
237 149
238 149
239 149
240 149
241 149
242 149
227 150
228 150
229 150
230 150
231 150
232 150
233 150
234 150
235 150
236 150
237 150
238 150
239 150
240 150
241 150
242 150
226 151
227 151
228 151
229 151
230 151
231 151
232 151
233 151
234 151
235 151
236 151
237 151
238 151
239 151
240 151
241 151
242 151
243 151
225 152
226 152
227 152
228 152
229 152
230 152
231 152
232 152
233 152
234 152
235 152
236 152
237 152
238 152
239 152
240 152
241 152
242 152
243 152
224 153
225 153
226 153
227 153
228 153
229 153
230 153
231 153
232 153
233 153
234 153
235 153
236 153
237 153
238 153
239 153
240 153
241 153
242 153
243 153
224 154
225 154
226 154
227 154
228 154
229 154
230 154
231 154
232 154
233 154
234 154
235 154
236 154
237 154
238 154
239 154
240 154
241 154
242 154
243 154
244 154
224 155
225 155
226 155
227 155
228 155
229 155
230 155
231 155
232 155
233 155
234 155
235 155
236 155
237 155
238 155
239 155
240 155
241 155
242 155
243 155
244 155
245 155
224 156
225 156
226 156
227 156
228 156
229 156
230 156
231 156
232 156
233 156
234 156
235 156
236 156
237 156
238 156
239 156
240 156
241 156
242 156
243 156
244 156
245 156
246 156
224 157
225 157
226 157
227 157
228 157
229 157
230 157
231 157
232 157
233 157
234 157
235 157
236 157
237 157
238 157
239 157
240 157
241 157
242 157
243 157
244 157
245 157
246 157
247 157
224 158
225 158
226 158
227 158
228 158
229 158
230 158
231 158
232 158
233 158
234 158
235 158
236 158
237 158
238 158
239 158
240 158
241 158
242 158
243 158
244 158
245 158
246 158
247 158
224 159
225 159
226 159
227 159
228 159
229 159
230 159
231 159
232 159
233 159
234 159
235 159
236 159
237 159
238 159
239 159
240 159
241 159
242 159
243 159
244 159
245 159
246 159
247 159
248 159
224 160
225 160
226 160
227 160
228 160
229 160
230 160
231 160
232 160
233 160
234 160
235 160
236 160
237 160
238 160
239 160
240 160
241 160
242 160
243 160
244 160
245 160
246 160
247 160
248 160
249 160
250 160
224 161
225 161
226 161
227 161
228 161
229 161
230 161
231 161
232 161
233 161
234 161
235 161
236 161
237 161
238 161
239 161
240 161
241 161
242 161
243 161
244 161
245 161
246 161
247 161
248 161
249 161
250 161
251 161
224 162
225 162
226 162
227 162
228 162
229 162
230 162
231 162
232 162
233 162
234 162
235 162
236 162
237 162
238 162
239 162
240 162
241 162
242 162
243 162
244 162
245 162
246 162
247 162
248 162
249 162
250 162
251 162
224 163
225 163
226 163
227 163
228 163
229 163
230 163
231 163
232 163
233 163
234 163
235 163
236 163
237 163
238 163
239 163
240 163
241 163
242 163
243 163
244 163
245 163
246 163
247 163
248 163
249 163
250 163
251 163
224 164
225 164
226 164
227 164
228 164
229 164
230 164
231 164
232 164
233 164
234 164
235 164
236 164
237 164
238 164
239 164
240 164
241 164
242 164
243 164
244 164
245 164
246 164
247 164
248 164
249 164
250 164
251 164
224 165
225 165
226 165
227 165
228 165
229 165
230 165
231 165
232 165
233 165
234 165
235 165
236 165
237 165
238 165
239 165
240 165
241 165
242 165
243 165
244 165
245 165
246 165
247 165
248 165
249 165
250 165
251 165
224 166
225 166
226 166
227 166
228 166
229 166
230 166
231 166
232 166
233 166
234 166
235 166
236 166
237 166
238 166
239 166
240 166
241 166
242 166
243 166
244 166
245 166
246 166
247 166
248 166
249 166
250 166
251 166
252 166
224 167
225 167
226 167
227 167
228 167
229 167
230 167
231 167
232 167
233 167
234 167
235 167
236 167
237 167
238 167
239 167
240 167
241 167
242 167
243 167
244 167
245 167
246 167
247 167
248 167
249 167
250 167
251 167
252 167
224 168
225 168
226 168
227 168
228 168
229 168
230 168
231 168
232 168
233 168
234 168
235 168
236 168
237 168
238 168
239 168
240 168
241 168
242 168
243 168
244 168
245 168
246 168
247 168
248 168
249 168
250 168
251 168
252 168
253 168
224 169
225 169
226 169
227 169
228 169
229 169
230 169
231 169
232 169
233 169
234 169
235 169
236 169
237 169
238 169
239 169
240 169
241 169
242 169
243 169
244 169
245 169
246 169
247 169
248 169
249 169
250 169
251 169
252 169
253 169
254 169
224 170
225 170
226 170
227 170
228 170
229 170
230 170
231 170
232 170
233 170
234 170
235 170
236 170
237 170
238 170
239 170
240 170
241 170
242 170
243 170
244 170
245 170
246 170
247 170
248 170
249 170
250 170
251 170
252 170
253 170
254 170
255 170
224 171
225 171
226 171
227 171
228 171
229 171
230 171
231 171
232 171
233 171
234 171
235 171
236 171
237 171
238 171
239 171
240 171
241 171
242 171
243 171
244 171
245 171
246 171
247 171
248 171
249 171
250 171
251 171
252 171
253 171
254 171
255 171
224 172
225 172
226 172
227 172
228 172
229 172
230 172
231 172
232 172
233 172
234 172
235 172
236 172
237 172
238 172
239 172
240 172
241 172
242 172
243 172
244 172
245 172
246 172
247 172
248 172
249 172
250 172
251 172
252 172
253 172
254 172
255 172
224 173
225 173
226 173
227 173
228 173
229 173
230 173
231 173
232 173
233 173
234 173
235 173
236 173
237 173
238 173
239 173
240 173
241 173
242 173
243 173
244 173
245 173
246 173
247 173
248 173
249 173
250 173
251 173
252 173
253 173
254 173
255 173
224 174
225 174
226 174
227 174
228 174
229 174
230 174
231 174
232 174
233 174
234 174
235 174
236 174
237 174
238 174
239 174
240 174
241 174
242 174
243 174
244 174
245 174
246 174
247 174
248 174
249 174
250 174
251 174
252 174
253 174
254 174
255 174
224 175
225 175
226 175
227 175
228 175
229 175
230 175
231 175
232 175
233 175
234 175
235 175
236 175
237 175
238 175
239 175
240 175
241 175
242 175
243 175
244 175
245 175
246 175
247 175
248 175
249 175
250 175
251 175
252 175
253 175
254 175
255 175
224 176
225 176
226 176
227 176
228 176
229 176
230 176
231 176
232 176
233 176
234 176
235 176
236 176
237 176
238 176
239 176
240 176
241 176
242 176
243 176
244 176
245 176
246 176
247 176
248 176
249 176
250 176
251 176
252 176
253 176
254 176
255 176
224 177
225 177
226 177
227 177
228 177
229 177
230 177
231 177
232 177
233 177
234 177
235 177
236 177
237 177
238 177
239 177
240 177
241 177
242 177
243 177
244 177
245 177
246 177
247 177
248 177
249 177
250 177
251 177
252 177
253 177
254 177
255 177
224 178
225 178
226 178
227 178
228 178
229 178
230 178
231 178
232 178
233 178
234 178
235 178
236 178
237 178
238 178
239 178
240 178
241 178
242 178
243 178
244 178
245 178
246 178
247 178
248 178
249 178
250 178
251 178
252 178
253 178
254 178
255 178
224 179
225 179
226 179
227 179
228 179
229 179
230 179
231 179
232 179
233 179
234 179
235 179
236 179
237 179
238 179
239 179
240 179
241 179
242 179
243 179
244 179
245 179
246 179
247 179
248 179
249 179
250 179
251 179
252 179
253 179
254 179
224 180
225 180
226 180
227 180
228 180
229 180
230 180
231 180
232 180
233 180
234 180
235 180
236 180
237 180
238 180
239 180
240 180
241 180
242 180
243 180
244 180
245 180
246 180
247 180
248 180
249 180
250 180
251 180
252 180
224 181
225 181
226 181
227 181
228 181
229 181
230 181
231 181
232 181
233 181
234 181
235 181
236 181
237 181
238 181
239 181
240 181
241 181
242 181
243 181
244 181
245 181
246 181
247 181
248 181
249 181
250 181
251 181
224 182
225 182
226 182
227 182
228 182
229 182
230 182
231 182
232 182
233 182
234 182
235 182
236 182
237 182
238 182
239 182
240 182
241 182
242 182
243 182
244 182
245 182
246 182
247 182
248 182
249 182
250 182
251 182
224 183
225 183
226 183
227 183
228 183
229 183
230 183
231 183
232 183
233 183
234 183
235 183
236 183
237 183
238 183
239 183
240 183
241 183
242 183
243 183
244 183
245 183
246 183
247 183
248 183
249 183
250 183
225 184
226 184
227 184
228 184
229 184
230 184
231 184
232 184
233 184
234 184
235 184
236 184
237 184
238 184
239 184
240 184
241 184
242 184
243 184
244 184
245 184
246 184
247 184
248 184
225 185
226 185
227 185
228 185
229 185
230 185
231 185
232 185
233 185
234 185
235 185
236 185
237 185
238 185
239 185
240 185
241 185
242 185
243 185
244 185
245 185
246 185
247 185
226 186
227 186
228 186
229 186
230 186
231 186
232 186
233 186
234 186
235 186
236 186
237 186
238 186
239 186
240 186
241 186
242 186
243 186
244 186
245 186
246 186
247 186
227 187
228 187
229 187
230 187
231 187
232 187
233 187
234 187
235 187
236 187
237 187
238 187
239 187
240 187
241 187
242 187
243 187
244 187
245 187
246 187
247 187
227 188
228 188
229 188
230 188
231 188
232 188
233 188
234 188
235 188
236 188
237 188
238 188
239 188
240 188
241 188
242 188
243 188
244 188
245 188
246 188
247 188
228 189
229 189
230 189
231 189
232 189
233 189
234 189
235 189
236 189
237 189
238 189
239 189
240 189
241 189
242 189
243 189
244 189
245 189
246 189
247 189
228 190
229 190
230 190
231 190
232 190
233 190
234 190
235 190
236 190
237 190
238 190
239 190
240 190
241 190
242 190
243 190
244 190
245 190
246 190
229 191
230 191
231 191
232 191
233 191
234 191
235 191
236 191
237 191
238 191
239 191
240 191
241 191
242 191
243 191
244 191
245 191
231 192
232 192
233 192
234 192
235 192
236 192
237 192
238 192
239 192
240 192
241 192
242 192
243 192
244 192
232 193
233 193
234 193
235 193
236 193
237 193
238 193
239 193
240 193
241 193
242 193
243 193
232 194
233 194
234 194
235 194
236 194
237 194
238 194
239 194
240 194
241 194
242 194
243 194
234 195
235 195
236 195
237 195
238 195
239 195
240 195
241 195
242 195
