309 288
310 288
311 288
312 288
313 288
314 288
315 288
316 288
317 288
318 288
319 288
320 288
321 288
322 288
323 288
324 288
325 288
326 288
327 288
328 288
329 288
308 289
309 289
310 289
311 289
312 289
313 289
314 289
315 289
316 289
317 289
318 289
319 289
320 289
321 289
322 289
323 289
324 289
325 289
326 289
327 289
328 289
329 289
330 289
308 290
309 290
310 290
311 290
312 290
313 290
314 290
315 290
316 290
317 290
318 290
319 290
320 290
321 290
322 290
323 290
324 290
325 290
326 290
327 290
328 290
329 290
330 290
331 290
308 291
309 291
310 291
311 291
312 291
313 291
314 291
315 291
316 291
317 291
318 291
319 291
320 291
321 291
322 291
323 291
324 291
325 291
326 291
327 291
328 291
329 291
330 291
331 291
308 292
309 292
310 292
311 292
312 292
313 292
314 292
315 292
316 292
317 292
318 292
319 292
320 292
321 292
322 292
323 292
324 292
325 292
326 292
327 292
328 292
329 292
330 292
331 292
308 293
309 293
310 293
311 293
312 293
313 293
314 293
315 293
316 293
317 293
318 293
319 293
320 293
321 293
322 293
323 293
324 293
325 293
326 293
327 293
328 293
329 293
330 293
331 293
308 294
309 294
310 294
311 294
312 294
313 294
314 294
315 294
316 294
317 294
318 294
319 294
320 294
321 294
322 294
323 294
324 294
325 294
326 294
327 294
328 294
329 294
330 294
331 294
332 294
308 295
309 295
310 295
311 295
312 295
313 295
314 295
315 295
316 295
317 295
318 295
319 295
320 295
321 295
322 295
323 295
324 295
325 295
326 295
327 295
328 295
329 295
330 295
331 295
332 295
333 295
308 296
309 296
310 296
311 296
312 296
313 296
314 296
315 296
316 296
317 296
318 296
319 296
320 296
321 296
322 296
323 296
324 296
325 296
326 296
327 296
328 296
329 296
330 296
331 296
332 296
333 296
334 296
308 297
309 297
310 297
311 297
312 297
313 297
314 297
315 297
316 297
317 297
318 297
319 297
320 297
321 297
322 297
323 297
324 297
325 297
326 297
327 297
328 297
329 297
330 297
331 297
332 297
333 297
334 297
335 297
308 298
309 298
310 298
311 298
312 298
313 298
314 298
315 298
316 298
317 298
318 298
319 298
320 298
321 298
322 298
323 298
324 298
325 298
326 298
327 298
328 298
329 298
330 298
331 298
332 298
333 298
334 298
335 298
308 299
309 299
310 299
311 299
312 299
313 299
314 299
315 299
316 299
317 299
318 299
319 299
320 299
321 299
322 299
323 299
324 299
325 299
326 299
327 299
328 299
329 299
330 299
331 299
332 299
333 299
334 299
335 299
336 299
308 300
309 300
310 300
311 300
312 300
313 300
314 300
315 300
316 300
317 300
318 300
319 300
320 300
321 300
322 300
323 300
324 300
325 300
326 300
327 300
328 300
329 300
330 300
331 300
332 300
333 300
334 300
335 300
336 300
308 301
309 301
310 301
311 301
312 301
313 301
314 301
315 301
316 301
317 301
318 301
319 301
320 301
321 301
322 301
323 301
324 301
325 301
326 301
327 301
328 301
329 301
330 301
331 301
332 301
333 301
334 301
335 301
336 301
337 301
308 302
309 302
310 302
311 302
312 302
313 302
314 302
315 302
316 302
317 302
318 302
319 302
320 302
321 302
322 302
323 302
324 302
325 302
326 302
327 302
328 302
329 302
330 302
331 302
332 302
333 302
334 302
335 302
336 302
337 302
338 302
308 303
309 303
310 303
311 303
312 303
313 303
314 303
315 303
316 303
317 303
318 303
319 303
320 303
321 303
322 303
323 303
324 303
325 303
326 303
327 303
328 303
329 303
330 303
331 303
332 303
333 303
334 303
335 303
336 303
337 303
338 303
308 304
309 304
310 304
311 304
312 304
313 304
314 304
315 304
316 304
317 304
318 304
319 304
320 304
321 304
322 304
323 304
324 304
325 304
326 304
327 304
328 304
329 304
330 304
331 304
332 304
333 304
334 304
335 304
336 304
337 304
338 304
308 305
309 305
310 305
311 305
312 305
313 305
314 305
315 305
316 305
317 305
318 305
319 305
320 305
321 305
322 305
323 305
324 305
325 305
326 305
327 305
328 305
329 305
330 305
331 305
332 305
333 305
334 305
335 305
336 305
337 305
338 305
339 305
308 306
309 306
310 306
311 306
312 306
313 306
314 306
315 306
316 306
317 306
318 306
319 306
320 306
321 306
322 306
323 306
324 306
325 306
326 306
327 306
328 306
329 306
330 306
331 306
332 306
333 306
334 306
335 306
336 306
337 306
338 306
339 306
308 307
309 307
310 307
311 307
312 307
313 307
314 307
315 307
316 307
317 307
318 307
319 307
320 307
321 307
322 307
323 307
324 307
325 307
326 307
327 307
328 307
329 307
330 307
331 307
332 307
333 307
334 307
335 307
336 307
337 307
338 307
339 307
308 308
309 308
310 308
311 308
312 308
313 308
314 308
315 308
316 308
317 308
318 308
319 308
320 308
321 308
322 308
323 308
324 308
325 308
326 308
327 308
328 308
329 308
330 308
331 308
332 308
333 308
334 308
335 308
336 308
337 308
338 308
339 308
308 309
309 309
310 309
311 309
312 309
313 309
314 309
315 309
316 309
317 309
318 309
319 309
320 309
321 309
322 309
323 309
324 309
325 309
326 309
327 309
328 309
329 309
330 309
331 309
332 309
333 309
334 309
335 309
336 309
337 309
338 309
339 309
308 310
309 310
310 310
311 310
312 310
313 310
314 310
315 310
316 310
317 310
318 310
319 310
320 310
321 310
322 310
323 310
324 310
325 310
326 310
327 310
328 310
329 310
330 310
331 310
332 310
333 310
334 310
335 310
336 310
337 310
338 310
339 310
308 311
309 311
310 311
311 311
312 311
313 311
314 311
315 311
316 311
317 311
318 311
319 311
320 311
321 311
322 311
323 311
324 311
325 311
326 311
327 311
328 311
329 311
330 311
331 311
332 311
333 311
334 311
335 311
336 311
337 311
338 311
339 311
308 312
309 312
310 312
311 312
312 312
313 312
314 312
315 312
316 312
317 312
318 312
319 312
320 312
321 312
322 312
323 312
324 312
325 312
326 312
327 312
328 312
329 312
330 312
331 312
332 312
333 312
334 312
335 312
336 312
337 312
338 312
339 312
308 313
309 313
310 313
311 313
312 313
313 313
314 313
315 313
316 313
317 313
318 313
319 313
320 313
321 313
322 313
323 313
324 313
325 313
326 313
327 313
328 313
329 313
330 313
331 313
332 313
333 313
334 313
335 313
336 313
337 313
338 313
339 313
308 314
309 314
310 314
311 314
312 314
313 314
314 314
315 314
316 314
317 314
318 314
319 314
320 314
321 314
322 314
323 314
324 314
325 314
326 314
327 314
328 314
329 314
330 314
331 314
332 314
333 314
334 314
335 314
336 314
337 314
338 314
339 314
308 315
309 315
310 315
311 315
312 315
313 315
314 315
315 315
316 315
317 315
318 315
319 315
320 315
321 315
322 315
323 315
324 315
325 315
326 315
327 315
328 315
329 315
330 315
331 315
332 315
333 315
334 315
335 315
336 315
337 315
338 315
339 315
308 316
309 316
310 316
311 316
312 316
313 316
314 316
315 316
316 316
317 316
318 316
319 316
320 316
321 316
322 316
323 316
324 316
325 316
326 316
327 316
328 316
329 316
330 316
331 316
332 316
333 316
334 316
335 316
336 316
337 316
338 316
339 316
308 317
309 317
310 317
311 317
312 317
313 317
314 317
315 317
316 317
317 317
318 317
319 317
320 317
321 317
322 317
323 317
324 317
325 317
326 317
327 317
328 317
329 317
330 317
331 317
332 317
333 317
334 317
335 317
336 317
337 317
338 317
339 317
308 318
309 318
310 318
311 318
312 318
313 318
314 318
315 318
316 318
317 318
318 318
319 318
320 318
321 318
322 318
323 318
324 318
325 318
326 318
327 318
328 318
329 318
330 318
331 318
332 318
333 318
334 318
335 318
336 318
337 318
338 318
339 318
309 319
310 319
311 319
312 319
313 319
314 319
315 319
316 319
317 319
318 319
319 319
320 319
321 319
322 319
323 319
324 319
325 319
326 319
327 319
328 319
329 319
330 319
331 319
332 319
333 319
334 319
335 319
336 319
337 319
338 319
339 319
310 320
311 320
312 320
313 320
314 320
315 320
316 320
317 320
318 320
319 320
320 320
321 320
322 320
323 320
324 320
325 320
326 320
327 320
328 320
329 320
330 320
331 320
332 320
333 320
334 320
335 320
336 320
337 320
338 320
339 320
311 321
312 321
313 321
314 321
315 321
316 321
317 321
318 321
319 321
320 321
321 321
322 321
323 321
324 321
325 321
326 321
327 321
328 321
329 321
330 321
331 321
332 321
333 321
334 321
335 321
336 321
337 321
338 321
311 322
312 322
313 322
314 322
315 322
316 322
317 322
318 322
319 322
320 322
321 322
322 322
323 322
324 322
325 322
326 322
327 322
328 322
329 322
330 322
331 322
332 322
333 322
334 322
335 322
336 322
337 322
338 322
312 323
313 323
314 323
315 323
316 323
317 323
318 323
319 323
320 323
321 323
322 323
323 323
324 323
325 323
326 323
327 323
328 323
329 323
330 323
331 323
332 323
333 323
334 323
335 323
336 323
337 323
312 324
313 324
314 324
315 324
316 324
317 324
318 324
319 324
320 324
321 324
322 324
323 324
324 324
325 324
326 324
327 324
328 324
329 324
330 324
331 324
332 324
333 324
334 324
335 324
336 324
312 325
313 325
314 325
315 325
316 325
317 325
318 325
319 325
320 325
321 325
322 325
323 325
324 325
325 325
326 325
327 325
328 325
329 325
330 325
331 325
332 325
333 325
334 325
335 325
312 326
313 326
314 326
315 326
316 326
317 326
318 326
319 326
320 326
321 326
322 326
323 326
324 326
325 326
326 326
327 326
328 326
329 326
330 326
331 326
332 326
333 326
334 326
335 326
313 327
314 327
315 327
316 327
317 327
318 327
319 327
320 327
321 327
322 327
323 327
324 327
325 327
326 327
327 327
328 327
329 327
330 327
331 327
332 327
333 327
334 327
315 328
316 328
317 328
318 328
319 328
320 328
321 328
322 328
323 328
324 328
325 328
326 328
327 328
328 328
329 328
330 328
331 328
332 328
316 329
317 329
318 329
319 329
320 329
321 329
322 329
323 329
324 329
325 329
326 329
327 329
328 329
329 329
330 329
331 329
316 330
317 330
318 330
319 330
320 330
321 330
322 330
323 330
324 330
325 330
326 330
327 330
328 330
329 330
330 330
331 330
317 331
318 331
319 331
320 331
321 331
322 331
323 331
324 331
325 331
326 331
327 331
328 331
329 331
330 331
319 332
320 332
321 332
322 332
323 332
324 332
325 332
326 332
327 332
321 333
322 333
323 333
324 333
325 333
322 334
323 334
