281 186
282 186
280 187
281 187
282 187
283 187
279 188
280 188
281 188
282 188
283 188
278 189
279 189
280 189
281 189
282 189
283 189
284 189
278 190
279 190
280 190
281 190
282 190
283 190
284 190
285 190
277 191
278 191
279 191
280 191
281 191
282 191
283 191
284 191
285 191
286 191
277 192
278 192
279 192
280 192
281 192
282 192
283 192
284 192
285 192
286 192
277 193
278 193
279 193
280 193
281 193
282 193
283 193
284 193
285 193
286 193
287 193
277 194
278 194
279 194
280 194
281 194
282 194
283 194
284 194
285 194
286 194
287 194
277 195
278 195
279 195
280 195
281 195
282 195
283 195
284 195
285 195
286 195
287 195
277 196
278 196
279 196
280 196
281 196
282 196
283 196
284 196
285 196
286 196
287 196
288 196
277 197
278 197
279 197
280 197
281 197
282 197
283 197
284 197
285 197
286 197
287 197
288 197
277 198
278 198
279 198
280 198
281 198
282 198
283 198
284 198
285 198
286 198
287 198
288 198
277 199
278 199
279 199
280 199
281 199
282 199
283 199
284 199
285 199
286 199
287 199
288 199
277 200
278 200
279 200
280 200
281 200
282 200
283 200
284 200
285 200
286 200
287 200
288 200
277 201
278 201
279 201
280 201
281 201
282 201
283 201
284 201
285 201
286 201
287 201
288 201
277 202
278 202
279 202
280 202
281 202
282 202
283 202
284 202
285 202
286 202
287 202
288 202
277 203
278 203
279 203
280 203
281 203
282 203
283 203
284 203
285 203
286 203
287 203
288 203
278 204
279 204
280 204
281 204
282 204
283 204
284 204
285 204
286 204
287 204
288 204
278 205
279 205
280 205
281 205
282 205
283 205
284 205
285 205
286 205
287 205
288 205
278 206
279 206
280 206
281 206
282 206
283 206
284 206
285 206
286 206
287 206
288 206
278 207
279 207
280 207
281 207
282 207
283 207
284 207
285 207
286 207
287 207
288 207
278 208
279 208
280 208
281 208
282 208
283 208
284 208
285 208
286 208
287 208
278 209
279 209
280 209
281 209
282 209
283 209
284 209
285 209
286 209
287 209
278 210
279 210
280 210
281 210
282 210
283 210
284 210
285 210
286 210
287 210
278 211
279 211
280 211
281 211
282 211
283 211
284 211
285 211
286 211
287 211
278 212
279 212
280 212
281 212
282 212
283 212
284 212
285 212
286 212
278 213
279 213
280 213
281 213
282 213
283 213
284 213
285 213
286 213
278 214
279 214
280 214
281 214
282 214
283 214
284 214
285 214
286 214
278 215
279 215
280 215
281 215
282 215
283 215
284 215
285 215
278 216
279 216
280 216
281 216
282 216
283 216
284 216
278 217
279 217
280 217
281 217
282 217
283 217
279 218
280 218
281 218
282 218
