265 228
266 228
267 228
268 228
269 228
270 228
271 228
272 228
273 228
264 229
265 229
266 229
267 229
268 229
269 229
270 229
271 229
272 229
273 229
274 229
263 230
264 230
265 230
266 230
267 230
268 230
269 230
270 230
271 230
272 230
273 230
274 230
275 230
263 231
264 231
265 231
266 231
267 231
268 231
269 231
270 231
271 231
272 231
273 231
274 231
275 231
262 232
263 232
264 232
265 232
266 232
267 232
268 232
269 232
270 232
271 232
272 232
273 232
274 232
275 232
261 233
262 233
263 233
264 233
265 233
266 233
267 233
268 233
269 233
270 233
271 233
272 233
273 233
274 233
275 233
261 234
262 234
263 234
264 234
265 234
266 234
267 234
268 234
269 234
270 234
271 234
272 234
273 234
274 234
275 234
260 235
261 235
262 235
263 235
264 235
265 235
266 235
267 235
268 235
269 235
270 235
271 235
272 235
273 235
274 235
275 235
260 236
261 236
262 236
263 236
264 236
265 236
266 236
267 236
268 236
269 236
270 236
271 236
272 236
273 236
274 236
275 236
260 237
261 237
262 237
263 237
264 237
265 237
266 237
267 237
268 237
269 237
270 237
271 237
272 237
273 237
274 237
275 237
260 238
261 238
262 238
263 238
264 238
265 238
266 238
267 238
268 238
269 238
270 238
271 238
272 238
273 238
274 238
275 238
260 239
261 239
262 239
263 239
264 239
265 239
266 239
267 239
268 239
269 239
270 239
271 239
272 239
273 239
274 239
275 239
260 240
261 240
262 240
263 240
264 240
265 240
266 240
267 240
268 240
269 240
270 240
271 240
272 240
273 240
274 240
275 240
260 241
261 241
262 241
263 241
264 241
265 241
266 241
267 241
268 241
269 241
270 241
271 241
272 241
273 241
274 241
275 241
260 242
261 242
262 242
263 242
264 242
265 242
266 242
267 242
268 242
269 242
270 242
271 242
272 242
273 242
274 242
275 242
260 243
261 243
262 243
263 243
264 243
265 243
266 243
267 243
268 243
269 243
270 243
271 243
272 243
273 243
274 243
275 243
260 244
261 244
262 244
263 244
264 244
265 244
266 244
267 244
268 244
269 244
270 244
271 244
272 244
273 244
274 244
275 244
260 245
261 245
262 245
263 245
264 245
265 245
266 245
267 245
268 245
269 245
270 245
271 245
272 245
273 245
274 245
275 245
260 246
261 246
262 246
263 246
264 246
265 246
266 246
267 246
268 246
269 246
270 246
271 246
272 246
273 246
274 246
275 246
260 247
261 247
262 247
263 247
264 247
265 247
266 247
267 247
268 247
269 247
270 247
271 247
272 247
273 247
274 247
275 247
260 248
261 248
262 248
263 248
264 248
265 248
266 248
267 248
268 248
269 248
270 248
271 248
272 248
273 248
274 248
275 248
260 249
261 249
262 249
263 249
264 249
265 249
266 249
267 249
268 249
269 249
270 249
271 249
272 249
273 249
274 249
275 249
260 250
261 250
262 250
263 250
264 250
265 250
266 250
267 250
268 250
269 250
270 250
271 250
272 250
273 250
274 250
275 250
260 251
261 251
262 251
263 251
264 251
265 251
266 251
267 251
268 251
269 251
270 251
271 251
272 251
273 251
274 251
275 251
260 252
261 252
262 252
263 252
264 252
265 252
266 252
267 252
268 252
269 252
270 252
271 252
272 252
273 252
274 252
275 252
260 253
261 253
262 253
263 253
264 253
265 253
266 253
267 253
268 253
269 253
270 253
271 253
272 253
273 253
274 253
275 253
260 254
261 254
262 254
263 254
264 254
265 254
266 254
267 254
268 254
269 254
270 254
271 254
272 254
273 254
274 254
275 254
260 255
261 255
262 255
263 255
264 255
265 255
266 255
267 255
268 255
269 255
270 255
271 255
272 255
273 255
274 255
275 255
260 256
261 256
262 256
263 256
264 256
265 256
266 256
267 256
268 256
269 256
270 256
271 256
272 256
273 256
274 256
275 256
260 257
261 257
262 257
263 257
264 257
265 257
266 257
267 257
268 257
269 257
270 257
271 257
272 257
273 257
274 257
275 257
260 258
261 258
262 258
263 258
264 258
265 258
266 258
267 258
268 258
269 258
270 258
271 258
272 258
273 258
274 258
275 258
260 259
261 259
262 259
263 259
264 259
265 259
266 259
267 259
268 259
269 259
270 259
271 259
272 259
273 259
274 259
275 259
260 260
261 260
262 260
263 260
264 260
265 260
266 260
267 260
268 260
269 260
270 260
271 260
272 260
273 260
274 260
275 260
260 261
261 261
262 261
263 261
264 261
265 261
266 261
267 261
268 261
269 261
270 261
271 261
272 261
273 261
274 261
275 261
260 262
261 262
262 262
263 262
264 262
265 262
266 262
267 262
268 262
269 262
270 262
271 262
272 262
273 262
274 262
275 262
260 263
261 263
262 263
263 263
264 263
265 263
266 263
267 263
268 263
269 263
270 263
271 263
272 263
273 263
274 263
275 263
260 264
261 264
262 264
263 264
264 264
265 264
266 264
267 264
268 264
269 264
270 264
271 264
272 264
273 264
274 264
275 264
260 265
261 265
262 265
263 265
264 265
265 265
266 265
267 265
268 265
269 265
270 265
271 265
272 265
273 265
274 265
275 265
260 266
261 266
262 266
263 266
264 266
265 266
266 266
267 266
268 266
269 266
270 266
271 266
272 266
273 266
274 266
260 267
261 267
262 267
263 267
264 267
265 267
266 267
267 267
268 267
269 267
270 267
271 267
272 267
273 267
274 267
260 268
261 268
262 268
263 268
264 268
265 268
266 268
267 268
268 268
269 268
270 268
271 268
272 268
273 268
260 269
261 269
262 269
263 269
264 269
265 269
266 269
267 269
268 269
269 269
270 269
271 269
272 269
260 270
261 270
262 270
263 270
264 270
265 270
266 270
267 270
268 270
269 270
270 270
271 270
261 271
262 271
263 271
264 271
265 271
266 271
267 271
268 271
269 271
270 271
271 271
261 272
262 272
263 272
264 272
265 272
266 272
267 272
268 272
269 272
270 272
271 272
262 273
263 273
264 273
265 273
266 273
267 273
268 273
269 273
270 273
271 273
263 274
264 274
265 274
266 274
267 274
268 274
269 274
270 274
271 274
264 275
265 275
266 275
267 275
268 275
269 275
270 275
