265 184
266 184
267 184
268 184
269 184
263 185
264 185
265 185
266 185
267 185
268 185
269 185
270 185
271 185
263 186
264 186
265 186
266 186
267 186
268 186
269 186
270 186
271 186
261 187
262 187
263 187
264 187
265 187
266 187
267 187
268 187
269 187
270 187
271 187
261 188
262 188
263 188
264 188
265 188
266 188
267 188
268 188
269 188
270 188
271 188
260 189
261 189
262 189
263 189
264 189
265 189
266 189
267 189
268 189
269 189
270 189
271 189
272 189
260 190
261 190
262 190
263 190
264 190
265 190
266 190
267 190
268 190
269 190
270 190
271 190
272 190
260 191
261 191
262 191
263 191
264 191
265 191
266 191
267 191
268 191
269 191
270 191
271 191
272 191
273 191
260 192
261 192
262 192
263 192
264 192
265 192
266 192
267 192
268 192
269 192
270 192
271 192
272 192
273 192
274 192
260 193
261 193
262 193
263 193
264 193
265 193
266 193
267 193
268 193
269 193
270 193
271 193
272 193
273 193
274 193
260 194
261 194
262 194
263 194
264 194
265 194
266 194
267 194
268 194
269 194
270 194
271 194
272 194
273 194
274 194
275 194
260 195
261 195
262 195
263 195
264 195
265 195
266 195
267 195
268 195
269 195
270 195
271 195
272 195
273 195
274 195
275 195
260 196
261 196
262 196
263 196
264 196
265 196
266 196
267 196
268 196
269 196
270 196
271 196
272 196
273 196
274 196
275 196
260 197
261 197
262 197
263 197
264 197
265 197
266 197
267 197
268 197
269 197
270 197
271 197
272 197
273 197
274 197
275 197
260 198
261 198
262 198
263 198
264 198
265 198
266 198
267 198
268 198
269 198
270 198
271 198
272 198
273 198
274 198
275 198
260 199
261 199
262 199
263 199
264 199
265 199
266 199
267 199
268 199
269 199
270 199
271 199
272 199
273 199
274 199
275 199
260 200
261 200
262 200
263 200
264 200
265 200
266 200
267 200
268 200
269 200
270 200
271 200
272 200
273 200
274 200
275 200
260 201
261 201
262 201
263 201
264 201
265 201
266 201
267 201
268 201
269 201
270 201
271 201
272 201
273 201
274 201
275 201
260 202
261 202
262 202
263 202
264 202
265 202
266 202
267 202
268 202
269 202
270 202
271 202
272 202
273 202
274 202
275 202
260 203
261 203
262 203
263 203
264 203
265 203
266 203
267 203
268 203
269 203
270 203
271 203
272 203
273 203
274 203
275 203
260 204
261 204
262 204
263 204
264 204
265 204
266 204
267 204
268 204
269 204
270 204
271 204
272 204
273 204
274 204
275 204
260 205
261 205
262 205
263 205
264 205
265 205
266 205
267 205
268 205
269 205
270 205
271 205
272 205
273 205
274 205
275 205
260 206
261 206
262 206
263 206
264 206
265 206
266 206
267 206
268 206
269 206
270 206
271 206
272 206
273 206
274 206
275 206
260 207
261 207
262 207
263 207
264 207
265 207
266 207
267 207
268 207
269 207
270 207
271 207
272 207
273 207
274 207
275 207
260 208
261 208
262 208
263 208
264 208
265 208
266 208
267 208
268 208
269 208
270 208
271 208
272 208
273 208
274 208
275 208
260 209
261 209
262 209
263 209
264 209
265 209
266 209
267 209
268 209
269 209
270 209
271 209
272 209
273 209
274 209
275 209
260 210
261 210
262 210
263 210
264 210
265 210
266 210
267 210
268 210
269 210
270 210
271 210
272 210
273 210
274 210
275 210
260 211
261 211
262 211
263 211
264 211
265 211
266 211
267 211
268 211
269 211
270 211
271 211
272 211
273 211
274 211
275 211
260 212
261 212
262 212
263 212
264 212
265 212
266 212
267 212
268 212
269 212
270 212
271 212
272 212
273 212
274 212
275 212
260 213
261 213
262 213
263 213
264 213
265 213
266 213
267 213
268 213
269 213
270 213
271 213
272 213
273 213
274 213
275 213
260 214
261 214
262 214
263 214
264 214
265 214
266 214
267 214
268 214
269 214
270 214
271 214
272 214
273 214
274 214
275 214
260 215
261 215
262 215
263 215
264 215
265 215
266 215
267 215
268 215
269 215
270 215
271 215
272 215
273 215
274 215
275 215
260 216
261 216
262 216
263 216
264 216
265 216
266 216
267 216
268 216
269 216
270 216
271 216
272 216
273 216
274 216
275 216
260 217
261 217
262 217
263 217
264 217
265 217
266 217
267 217
268 217
269 217
270 217
271 217
272 217
273 217
274 217
275 217
260 218
261 218
262 218
263 218
264 218
265 218
266 218
267 218
268 218
269 218
270 218
271 218
272 218
273 218
274 218
275 218
261 219
262 219
263 219
264 219
265 219
266 219
267 219
268 219
269 219
270 219
271 219
272 219
273 219
274 219
275 219
262 220
263 220
264 220
265 220
266 220
267 220
268 220
269 220
270 220
271 220
272 220
273 220
274 220
275 220
263 221
264 221
265 221
266 221
267 221
268 221
269 221
270 221
271 221
272 221
273 221
274 221
263 222
264 222
265 222
266 222
267 222
268 222
269 222
270 222
271 222
272 222
273 222
274 222
264 223
265 223
266 223
267 223
268 223
269 223
270 223
271 223
272 223
273 223
265 224
266 224
267 224
268 224
269 224
270 224
266 225
