269 244
270 244
271 244
272 244
273 244
274 244
275 244
276 244
277 244
278 244
279 244
280 244
268 245
269 245
270 245
271 245
272 245
273 245
274 245
275 245
276 245
277 245
278 245
279 245
280 245
281 245
282 245
268 246
269 246
270 246
271 246
272 246
273 246
274 246
275 246
276 246
277 246
278 246
279 246
280 246
281 246
282 246
268 247
269 247
270 247
271 247
272 247
273 247
274 247
275 247
276 247
277 247
278 247
279 247
280 247
281 247
282 247
283 247
267 248
268 248
269 248
270 248
271 248
272 248
273 248
274 248
275 248
276 248
277 248
278 248
279 248
280 248
281 248
282 248
283 248
267 249
268 249
269 249
270 249
271 249
272 249
273 249
274 249
275 249
276 249
277 249
278 249
279 249
280 249
281 249
282 249
283 249
267 250
268 250
269 250
270 250
271 250
272 250
273 250
274 250
275 250
276 250
277 250
278 250
279 250
280 250
281 250
282 250
283 250
267 251
268 251
269 251
270 251
271 251
272 251
273 251
274 251
275 251
276 251
277 251
278 251
279 251
280 251
281 251
282 251
283 251
284 251
266 252
267 252
268 252
269 252
270 252
271 252
272 252
273 252
274 252
275 252
276 252
277 252
278 252
279 252
280 252
281 252
282 252
283 252
284 252
285 252
266 253
267 253
268 253
269 253
270 253
271 253
272 253
273 253
274 253
275 253
276 253
277 253
278 253
279 253
280 253
281 253
282 253
283 253
284 253
285 253
286 253
265 254
266 254
267 254
268 254
269 254
270 254
271 254
272 254
273 254
274 254
275 254
276 254
277 254
278 254
279 254
280 254
281 254
282 254
283 254
284 254
285 254
286 254
265 255
266 255
267 255
268 255
269 255
270 255
271 255
272 255
273 255
274 255
275 255
276 255
277 255
278 255
279 255
280 255
281 255
282 255
283 255
284 255
285 255
286 255
265 256
266 256
267 256
268 256
269 256
270 256
271 256
272 256
273 256
274 256
275 256
276 256
277 256
278 256
279 256
280 256
281 256
282 256
283 256
284 256
285 256
286 256
287 256
265 257
266 257
267 257
268 257
269 257
270 257
271 257
272 257
273 257
274 257
275 257
276 257
277 257
278 257
279 257
280 257
281 257
282 257
283 257
284 257
285 257
286 257
287 257
264 258
265 258
266 258
267 258
268 258
269 258
270 258
271 258
272 258
273 258
274 258
275 258
276 258
277 258
278 258
279 258
280 258
281 258
282 258
283 258
284 258
285 258
286 258
287 258
264 259
265 259
266 259
267 259
268 259
269 259
270 259
271 259
272 259
273 259
274 259
275 259
276 259
277 259
278 259
279 259
280 259
281 259
282 259
283 259
284 259
285 259
286 259
287 259
264 260
265 260
266 260
267 260
268 260
269 260
270 260
271 260
272 260
273 260
274 260
275 260
276 260
277 260
278 260
279 260
280 260
281 260
282 260
283 260
284 260
285 260
286 260
287 260
264 261
265 261
266 261
267 261
268 261
269 261
270 261
271 261
272 261
273 261
274 261
275 261
276 261
277 261
278 261
279 261
280 261
281 261
282 261
283 261
284 261
285 261
286 261
287 261
264 262
265 262
266 262
267 262
268 262
269 262
270 262
271 262
272 262
273 262
274 262
275 262
276 262
277 262
278 262
279 262
280 262
281 262
282 262
283 262
284 262
285 262
286 262
287 262
264 263
265 263
266 263
267 263
268 263
269 263
270 263
271 263
272 263
273 263
274 263
275 263
276 263
277 263
278 263
279 263
280 263
281 263
282 263
283 263
284 263
285 263
286 263
287 263
264 264
265 264
266 264
267 264
268 264
269 264
270 264
271 264
272 264
273 264
274 264
275 264
276 264
277 264
278 264
279 264
280 264
281 264
282 264
283 264
284 264
285 264
286 264
287 264
264 265
265 265
266 265
267 265
268 265
269 265
270 265
271 265
272 265
273 265
274 265
275 265
276 265
277 265
278 265
279 265
280 265
281 265
282 265
283 265
284 265
285 265
286 265
287 265
264 266
265 266
266 266
267 266
268 266
269 266
270 266
271 266
272 266
273 266
274 266
275 266
276 266
277 266
278 266
279 266
280 266
281 266
282 266
283 266
284 266
285 266
286 266
287 266
264 267
265 267
266 267
267 267
268 267
269 267
270 267
271 267
272 267
273 267
274 267
275 267
276 267
277 267
278 267
279 267
280 267
281 267
282 267
283 267
284 267
285 267
286 267
287 267
264 268
265 268
266 268
267 268
268 268
269 268
270 268
271 268
272 268
273 268
274 268
275 268
276 268
277 268
278 268
279 268
280 268
281 268
282 268
283 268
284 268
285 268
286 268
287 268
264 269
265 269
266 269
267 269
268 269
269 269
270 269
271 269
272 269
273 269
274 269
275 269
276 269
277 269
278 269
279 269
280 269
281 269
282 269
283 269
284 269
285 269
286 269
287 269
264 270
265 270
266 270
267 270
268 270
269 270
270 270
271 270
272 270
273 270
274 270
275 270
276 270
277 270
278 270
279 270
280 270
281 270
282 270
283 270
284 270
285 270
286 270
287 270
264 271
265 271
266 271
267 271
268 271
269 271
270 271
271 271
272 271
273 271
274 271
275 271
276 271
277 271
278 271
279 271
280 271
281 271
282 271
283 271
284 271
285 271
286 271
287 271
264 272
265 272
266 272
267 272
268 272
269 272
270 272
271 272
272 272
273 272
274 272
275 272
276 272
277 272
278 272
279 272
280 272
281 272
282 272
283 272
284 272
285 272
286 272
287 272
264 273
265 273
266 273
267 273
268 273
269 273
270 273
271 273
272 273
273 273
274 273
275 273
276 273
277 273
278 273
279 273
280 273
281 273
282 273
283 273
284 273
285 273
286 273
287 273
288 273
264 274
265 274
266 274
267 274
268 274
269 274
270 274
271 274
272 274
273 274
274 274
275 274
276 274
277 274
278 274
279 274
280 274
281 274
282 274
283 274
284 274
285 274
286 274
287 274
264 275
265 275
266 275
267 275
268 275
269 275
270 275
271 275
272 275
273 275
274 275
275 275
276 275
277 275
278 275
279 275
280 275
281 275
282 275
283 275
284 275
285 275
286 275
287 275
264 276
265 276
266 276
267 276
268 276
269 276
270 276
271 276
272 276
273 276
274 276
275 276
276 276
277 276
278 276
279 276
280 276
281 276
282 276
283 276
284 276
285 276
286 276
287 276
264 277
265 277
266 277
267 277
268 277
269 277
270 277
271 277
272 277
273 277
274 277
275 277
276 277
277 277
278 277
279 277
280 277
281 277
282 277
283 277
284 277
285 277
286 277
287 277
264 278
265 278
266 278
267 278
268 278
269 278
270 278
271 278
272 278
273 278
274 278
275 278
276 278
277 278
278 278
279 278
280 278
281 278
282 278
283 278
284 278
285 278
286 278
287 278
264 279
265 279
266 279
267 279
268 279
269 279
270 279
271 279
272 279
273 279
274 279
275 279
276 279
277 279
278 279
279 279
280 279
281 279
282 279
283 279
284 279
285 279
286 279
287 279
264 280
265 280
266 280
267 280
268 280
269 280
270 280
271 280
272 280
273 280
274 280
275 280
276 280
277 280
278 280
279 280
280 280
281 280
282 280
283 280
284 280
285 280
286 280
287 280
264 281
265 281
266 281
267 281
268 281
269 281
270 281
271 281
272 281
273 281
274 281
275 281
276 281
277 281
278 281
279 281
280 281
281 281
282 281
283 281
284 281
285 281
286 281
287 281
265 282
266 282
267 282
268 282
269 282
270 282
271 282
272 282
273 282
274 282
275 282
276 282
277 282
278 282
279 282
280 282
281 282
282 282
283 282
284 282
285 282
286 282
287 282
265 283
266 283
267 283
268 283
269 283
270 283
271 283
272 283
273 283
274 283
275 283
276 283
277 283
278 283
279 283
280 283
281 283
282 283
283 283
284 283
285 283
286 283
287 283
266 284
267 284
268 284
269 284
270 284
271 284
272 284
273 284
274 284
275 284
276 284
277 284
278 284
279 284
280 284
281 284
282 284
283 284
284 284
285 284
286 284
287 284
267 285
268 285
269 285
270 285
271 285
272 285
273 285
274 285
275 285
276 285
277 285
278 285
279 285
280 285
281 285
282 285
283 285
284 285
285 285
286 285
287 285
268 286
269 286
270 286
271 286
272 286
273 286
274 286
275 286
276 286
277 286
278 286
279 286
280 286
281 286
282 286
283 286
284 286
285 286
286 286
268 287
269 287
270 287
271 287
272 287
273 287
274 287
275 287
276 287
277 287
278 287
279 287
280 287
281 287
282 287
283 287
284 287
285 287
286 287
269 288
270 288
271 288
272 288
273 288
274 288
275 288
276 288
277 288
278 288
279 288
280 288
281 288
282 288
283 288
284 288
285 288
270 289
271 289
272 289
273 289
274 289
275 289
276 289
277 289
278 289
279 289
280 289
281 289
282 289
283 289
284 289
271 290
272 290
273 290
274 290
275 290
276 290
277 290
278 290
279 290
280 290
281 290
282 290
283 290
272 291
273 291
274 291
275 291
276 291
277 291
278 291
279 291
280 291
281 291
282 291
283 291
273 292
274 292
275 292
276 292
277 292
278 292
279 292
280 292
281 292
277 293
278 293
