349 196
350 196
351 196
352 196
353 196
354 196
355 196
356 196
357 196
358 196
359 196
360 196
361 196
362 196
363 196
364 196
365 196
366 196
367 196
347 197
348 197
349 197
350 197
351 197
352 197
353 197
354 197
355 197
356 197
357 197
358 197
359 197
360 197
361 197
362 197
363 197
364 197
365 197
366 197
367 197
368 197
369 197
370 197
346 198
347 198
348 198
349 198
350 198
351 198
352 198
353 198
354 198
355 198
356 198
357 198
358 198
359 198
360 198
361 198
362 198
363 198
364 198
365 198
366 198
367 198
368 198
369 198
370 198
345 199
346 199
347 199
348 199
349 199
350 199
351 199
352 199
353 199
354 199
355 199
356 199
357 199
358 199
359 199
360 199
361 199
362 199
363 199
364 199
365 199
366 199
367 199
368 199
369 199
370 199
371 199
345 200
346 200
347 200
348 200
349 200
350 200
351 200
352 200
353 200
354 200
355 200
356 200
357 200
358 200
359 200
360 200
361 200
362 200
363 200
364 200
365 200
366 200
367 200
368 200
369 200
370 200
371 200
344 201
345 201
346 201
347 201
348 201
349 201
350 201
351 201
352 201
353 201
354 201
355 201
356 201
357 201
358 201
359 201
360 201
361 201
362 201
363 201
364 201
365 201
366 201
367 201
368 201
369 201
370 201
371 201
372 201
344 202
345 202
346 202
347 202
348 202
349 202
350 202
351 202
352 202
353 202
354 202
355 202
356 202
357 202
358 202
359 202
360 202
361 202
362 202
363 202
364 202
365 202
366 202
367 202
368 202
369 202
370 202
371 202
372 202
344 203
345 203
346 203
347 203
348 203
349 203
350 203
351 203
352 203
353 203
354 203
355 203
356 203
357 203
358 203
359 203
360 203
361 203
362 203
363 203
364 203
365 203
366 203
367 203
368 203
369 203
370 203
371 203
372 203
373 203
344 204
345 204
346 204
347 204
348 204
349 204
350 204
351 204
352 204
353 204
354 204
355 204
356 204
357 204
358 204
359 204
360 204
361 204
362 204
363 204
364 204
365 204
366 204
367 204
368 204
369 204
370 204
371 204
372 204
373 204
374 204
344 205
345 205
346 205
347 205
348 205
349 205
350 205
351 205
352 205
353 205
354 205
355 205
356 205
357 205
358 205
359 205
360 205
361 205
362 205
363 205
364 205
365 205
366 205
367 205
368 205
369 205
370 205
371 205
372 205
373 205
374 205
344 206
345 206
346 206
347 206
348 206
349 206
350 206
351 206
352 206
353 206
354 206
355 206
356 206
357 206
358 206
359 206
360 206
361 206
362 206
363 206
364 206
365 206
366 206
367 206
368 206
369 206
370 206
371 206
372 206
373 206
374 206
375 206
344 207
345 207
346 207
347 207
348 207
349 207
350 207
351 207
352 207
353 207
354 207
355 207
356 207
357 207
358 207
359 207
360 207
361 207
362 207
363 207
364 207
365 207
366 207
367 207
368 207
369 207
370 207
371 207
372 207
373 207
374 207
375 207
344 208
345 208
346 208
347 208
348 208
349 208
350 208
351 208
352 208
353 208
354 208
355 208
356 208
357 208
358 208
359 208
360 208
361 208
362 208
363 208
364 208
365 208
366 208
367 208
368 208
369 208
370 208
371 208
372 208
373 208
374 208
375 208
344 209
345 209
346 209
347 209
348 209
349 209
350 209
351 209
352 209
353 209
354 209
355 209
356 209
357 209
358 209
359 209
360 209
361 209
362 209
363 209
364 209
365 209
366 209
367 209
368 209
369 209
370 209
371 209
372 209
373 209
374 209
375 209
344 210
345 210
346 210
347 210
348 210
349 210
350 210
351 210
352 210
353 210
354 210
355 210
356 210
357 210
358 210
359 210
360 210
361 210
362 210
363 210
364 210
365 210
366 210
367 210
368 210
369 210
370 210
371 210
372 210
373 210
374 210
375 210
344 211
345 211
346 211
347 211
348 211
349 211
350 211
351 211
352 211
353 211
354 211
355 211
356 211
357 211
358 211
359 211
360 211
361 211
362 211
363 211
364 211
365 211
366 211
367 211
368 211
369 211
370 211
371 211
372 211
373 211
374 211
375 211
344 212
345 212
346 212
347 212
348 212
349 212
350 212
351 212
352 212
353 212
354 212
355 212
356 212
357 212
358 212
359 212
360 212
361 212
362 212
363 212
364 212
365 212
366 212
367 212
368 212
369 212
370 212
371 212
372 212
373 212
374 212
375 212
344 213
345 213
346 213
347 213
348 213
349 213
350 213
351 213
352 213
353 213
354 213
355 213
356 213
357 213
358 213
359 213
360 213
361 213
362 213
363 213
364 213
365 213
366 213
367 213
368 213
369 213
370 213
371 213
372 213
373 213
374 213
375 213
344 214
345 214
346 214
347 214
348 214
349 214
350 214
351 214
352 214
353 214
354 214
355 214
356 214
357 214
358 214
359 214
360 214
361 214
362 214
363 214
364 214
365 214
366 214
367 214
368 214
369 214
370 214
371 214
372 214
373 214
374 214
375 214
344 215
345 215
346 215
347 215
348 215
349 215
350 215
351 215
352 215
353 215
354 215
355 215
356 215
357 215
358 215
359 215
360 215
361 215
362 215
363 215
364 215
365 215
366 215
367 215
368 215
369 215
370 215
371 215
372 215
373 215
374 215
375 215
344 216
345 216
346 216
347 216
348 216
349 216
350 216
351 216
352 216
353 216
354 216
355 216
356 216
357 216
358 216
359 216
360 216
361 216
362 216
363 216
364 216
365 216
366 216
367 216
368 216
369 216
370 216
371 216
372 216
373 216
374 216
375 216
344 217
345 217
346 217
347 217
348 217
349 217
350 217
351 217
352 217
353 217
354 217
355 217
356 217
357 217
358 217
359 217
360 217
361 217
362 217
363 217
364 217
365 217
366 217
367 217
368 217
369 217
370 217
371 217
372 217
373 217
374 217
375 217
345 218
346 218
347 218
348 218
349 218
350 218
351 218
352 218
353 218
354 218
355 218
356 218
357 218
358 218
359 218
360 218
361 218
362 218
363 218
364 218
365 218
366 218
367 218
368 218
369 218
370 218
371 218
372 218
373 218
374 218
375 218
345 219
346 219
347 219
348 219
349 219
350 219
351 219
352 219
353 219
354 219
355 219
356 219
357 219
358 219
359 219
360 219
361 219
362 219
363 219
364 219
365 219
366 219
367 219
368 219
369 219
370 219
371 219
372 219
373 219
374 219
375 219
346 220
347 220
348 220
349 220
350 220
351 220
352 220
353 220
354 220
355 220
356 220
357 220
358 220
359 220
360 220
361 220
362 220
363 220
364 220
365 220
366 220
367 220
368 220
369 220
370 220
371 220
372 220
373 220
374 220
346 221
347 221
348 221
349 221
350 221
351 221
352 221
353 221
354 221
355 221
356 221
357 221
358 221
359 221
360 221
361 221
362 221
363 221
364 221
365 221
366 221
367 221
368 221
369 221
370 221
371 221
372 221
373 221
374 221
347 222
348 222
349 222
350 222
351 222
352 222
353 222
354 222
355 222
356 222
357 222
358 222
359 222
360 222
361 222
362 222
363 222
364 222
365 222
366 222
367 222
368 222
369 222
370 222
371 222
372 222
373 222
374 222
347 223
348 223
349 223
350 223
351 223
352 223
353 223
354 223
355 223
356 223
357 223
358 223
359 223
360 223
361 223
362 223
363 223
364 223
365 223
366 223
367 223
368 223
369 223
370 223
371 223
372 223
373 223
374 223
348 224
349 224
350 224
351 224
352 224
353 224
354 224
355 224
356 224
357 224
358 224
359 224
360 224
361 224
362 224
363 224
364 224
365 224
366 224
367 224
368 224
369 224
370 224
371 224
372 224
373 224
348 225
349 225
350 225
351 225
352 225
353 225
354 225
355 225
356 225
357 225
358 225
359 225
360 225
361 225
362 225
363 225
364 225
365 225
366 225
367 225
368 225
369 225
370 225
371 225
372 225
348 226
349 226
350 226
351 226
352 226
353 226
354 226
355 226
356 226
357 226
358 226
359 226
360 226
361 226
362 226
363 226
364 226
365 226
366 226
367 226
368 226
369 226
370 226
371 226
372 226
349 227
350 227
351 227
352 227
353 227
354 227
355 227
356 227
357 227
358 227
359 227
360 227
361 227
362 227
363 227
364 227
365 227
366 227
367 227
368 227
369 227
370 227
371 227
351 228
352 228
353 228
354 228
355 228
356 228
357 228
358 228
359 228
360 228
361 228
362 228
363 228
364 228
365 228
366 228
367 228
368 228
369 228
370 228
371 228
352 229
353 229
354 229
355 229
356 229
357 229
358 229
359 229
360 229
361 229
362 229
363 229
364 229
365 229
366 229
367 229
368 229
369 229
370 229
352 230
353 230
354 230
355 230
356 230
357 230
358 230
359 230
360 230
361 230
362 230
363 230
364 230
365 230
366 230
367 230
368 230
369 230
353 231
354 231
355 231
356 231
357 231
358 231
359 231
360 231
361 231
362 231
363 231
364 231
365 231
366 231
367 231
368 231
356 232
357 232
358 232
359 232
360 232
361 232
362 232
363 232
364 232
365 232
361 233
362 233
