245 200
246 200
247 200
248 200
249 200
250 200
251 200
252 200
253 200
254 200
244 201
245 201
246 201
247 201
248 201
249 201
250 201
251 201
252 201
253 201
254 201
255 201
244 202
245 202
246 202
247 202
248 202
249 202
250 202
251 202
252 202
253 202
254 202
255 202
243 203
244 203
245 203
246 203
247 203
248 203
249 203
250 203
251 203
252 203
253 203
254 203
255 203
241 204
242 204
243 204
244 204
245 204
246 204
247 204
248 204
249 204
250 204
251 204
252 204
253 204
254 204
255 204
240 205
241 205
242 205
243 205
244 205
245 205
246 205
247 205
248 205
249 205
250 205
251 205
252 205
253 205
254 205
255 205
239 206
240 206
241 206
242 206
243 206
244 206
245 206
246 206
247 206
248 206
249 206
250 206
251 206
252 206
253 206
254 206
255 206
238 207
239 207
240 207
241 207
242 207
243 207
244 207
245 207
246 207
247 207
248 207
249 207
250 207
251 207
252 207
253 207
254 207
255 207
237 208
238 208
239 208
240 208
241 208
242 208
243 208
244 208
245 208
246 208
247 208
248 208
249 208
250 208
251 208
252 208
253 208
254 208
255 208
256 208
236 209
237 209
238 209
239 209
240 209
241 209
242 209
243 209
244 209
245 209
246 209
247 209
248 209
249 209
250 209
251 209
252 209
253 209
254 209
255 209
256 209
236 210
237 210
238 210
239 210
240 210
241 210
242 210
243 210
244 210
245 210
246 210
247 210
248 210
249 210
250 210
251 210
252 210
253 210
254 210
255 210
256 210
236 211
237 211
238 211
239 211
240 211
241 211
242 211
243 211
244 211
245 211
246 211
247 211
248 211
249 211
250 211
251 211
252 211
253 211
254 211
255 211
256 211
257 211
236 212
237 212
238 212
239 212
240 212
241 212
242 212
243 212
244 212
245 212
246 212
247 212
248 212
249 212
250 212
251 212
252 212
253 212
254 212
255 212
256 212
257 212
258 212
236 213
237 213
238 213
239 213
240 213
241 213
242 213
243 213
244 213
245 213
246 213
247 213
248 213
249 213
250 213
251 213
252 213
253 213
254 213
255 213
256 213
257 213
258 213
259 213
236 214
237 214
238 214
239 214
240 214
241 214
242 214
243 214
244 214
245 214
246 214
247 214
248 214
249 214
250 214
251 214
252 214
253 214
254 214
255 214
256 214
257 214
258 214
259 214
236 215
237 215
238 215
239 215
240 215
241 215
242 215
243 215
244 215
245 215
246 215
247 215
248 215
249 215
250 215
251 215
252 215
253 215
254 215
255 215
256 215
257 215
258 215
259 215
236 216
237 216
238 216
239 216
240 216
241 216
242 216
243 216
244 216
245 216
246 216
247 216
248 216
249 216
250 216
251 216
252 216
253 216
254 216
255 216
256 216
257 216
258 216
259 216
236 217
237 217
238 217
239 217
240 217
241 217
242 217
243 217
244 217
245 217
246 217
247 217
248 217
249 217
250 217
251 217
252 217
253 217
254 217
255 217
256 217
257 217
258 217
259 217
236 218
237 218
238 218
239 218
240 218
241 218
242 218
243 218
244 218
245 218
246 218
247 218
248 218
249 218
250 218
251 218
252 218
253 218
254 218
255 218
256 218
257 218
258 218
259 218
236 219
237 219
238 219
239 219
240 219
241 219
242 219
243 219
244 219
245 219
246 219
247 219
248 219
249 219
250 219
251 219
252 219
253 219
254 219
255 219
256 219
257 219
258 219
259 219
260 219
236 220
237 220
238 220
239 220
240 220
241 220
242 220
243 220
244 220
245 220
246 220
247 220
248 220
249 220
250 220
251 220
252 220
253 220
254 220
255 220
256 220
257 220
258 220
259 220
260 220
236 221
237 221
238 221
239 221
240 221
241 221
242 221
243 221
244 221
245 221
246 221
247 221
248 221
249 221
250 221
251 221
252 221
253 221
254 221
255 221
256 221
257 221
258 221
259 221
260 221
261 221
262 221
236 222
237 222
238 222
239 222
240 222
241 222
242 222
243 222
244 222
245 222
246 222
247 222
248 222
249 222
250 222
251 222
252 222
253 222
254 222
255 222
256 222
257 222
258 222
259 222
260 222
261 222
262 222
236 223
237 223
238 223
239 223
240 223
241 223
242 223
243 223
244 223
245 223
246 223
247 223
248 223
249 223
250 223
251 223
252 223
253 223
254 223
255 223
256 223
257 223
258 223
259 223
260 223
261 223
262 223
236 224
237 224
238 224
239 224
240 224
241 224
242 224
243 224
244 224
245 224
246 224
247 224
248 224
249 224
250 224
251 224
252 224
253 224
254 224
255 224
256 224
257 224
258 224
259 224
260 224
261 224
262 224
263 224
236 225
237 225
238 225
239 225
240 225
241 225
242 225
243 225
244 225
245 225
246 225
247 225
248 225
249 225
250 225
251 225
252 225
253 225
254 225
255 225
256 225
257 225
258 225
259 225
260 225
261 225
262 225
263 225
236 226
237 226
238 226
239 226
240 226
241 226
242 226
243 226
244 226
245 226
246 226
247 226
248 226
249 226
250 226
251 226
252 226
253 226
254 226
255 226
256 226
257 226
258 226
259 226
260 226
261 226
262 226
263 226
237 227
238 227
239 227
240 227
241 227
242 227
243 227
244 227
245 227
246 227
247 227
248 227
249 227
250 227
251 227
252 227
253 227
254 227
255 227
256 227
257 227
258 227
259 227
260 227
261 227
262 227
263 227
239 228
240 228
241 228
242 228
243 228
244 228
245 228
246 228
247 228
248 228
249 228
250 228
251 228
252 228
253 228
254 228
255 228
256 228
257 228
258 228
259 228
260 228
261 228
262 228
263 228
240 229
241 229
242 229
243 229
244 229
245 229
246 229
247 229
248 229
249 229
250 229
251 229
252 229
253 229
254 229
255 229
256 229
257 229
258 229
259 229
260 229
261 229
262 229
263 229
240 230
241 230
242 230
243 230
244 230
245 230
246 230
247 230
248 230
249 230
250 230
251 230
252 230
253 230
254 230
255 230
256 230
257 230
258 230
259 230
260 230
261 230
262 230
263 230
240 231
241 231
242 231
243 231
244 231
245 231
246 231
247 231
248 231
249 231
250 231
251 231
252 231
253 231
254 231
255 231
256 231
257 231
258 231
259 231
260 231
261 231
262 231
240 232
241 232
242 232
243 232
244 232
245 232
246 232
247 232
248 232
249 232
250 232
251 232
252 232
253 232
254 232
255 232
256 232
257 232
258 232
259 232
260 232
261 232
262 232
240 233
241 233
242 233
243 233
244 233
245 233
246 233
247 233
248 233
249 233
250 233
251 233
252 233
253 233
254 233
255 233
256 233
257 233
258 233
259 233
260 233
261 233
240 234
241 234
242 234
243 234
244 234
245 234
246 234
247 234
248 234
249 234
250 234
251 234
252 234
253 234
254 234
255 234
256 234
257 234
258 234
259 234
260 234
261 234
241 235
242 235
243 235
244 235
245 235
246 235
247 235
248 235
249 235
250 235
251 235
252 235
253 235
254 235
255 235
256 235
257 235
258 235
259 235
260 235
243 236
244 236
245 236
246 236
247 236
248 236
249 236
250 236
251 236
252 236
253 236
254 236
255 236
256 236
257 236
258 236
259 236
260 236
244 237
245 237
246 237
247 237
248 237
249 237
250 237
251 237
252 237
253 237
254 237
255 237
256 237
257 237
258 237
259 237
244 238
245 238
246 238
247 238
248 238
249 238
250 238
251 238
252 238
253 238
254 238
255 238
256 238
257 238
258 238
259 238
245 239
246 239
247 239
248 239
249 239
250 239
251 239
252 239
253 239
254 239
255 239
256 239
257 239
258 239
247 240
248 240
249 240
250 240
251 240
252 240
253 240
254 240
255 240
256 240
257 240
248 241
249 241
250 241
251 241
252 241
253 241
254 241
255 241
256 241
248 242
249 242
250 242
251 242
252 242
253 242
254 242
255 242
249 243
250 243
251 243
252 243
253 243
254 243
