381 280
382 280
383 280
384 280
385 280
386 280
379 281
380 281
381 281
382 281
383 281
384 281
385 281
386 281
387 281
379 282
380 282
381 282
382 282
383 282
384 282
385 282
386 282
387 282
378 283
379 283
380 283
381 283
382 283
383 283
384 283
385 283
386 283
387 283
377 284
378 284
379 284
380 284
381 284
382 284
383 284
384 284
385 284
386 284
387 284
376 285
377 285
378 285
379 285
380 285
381 285
382 285
383 285
384 285
385 285
386 285
387 285
376 286
377 286
378 286
379 286
380 286
381 286
382 286
383 286
384 286
385 286
386 286
387 286
376 287
377 287
378 287
379 287
380 287
381 287
382 287
383 287
384 287
385 287
386 287
387 287
376 288
377 288
378 288
379 288
380 288
381 288
382 288
383 288
384 288
385 288
386 288
387 288
376 289
377 289
378 289
379 289
380 289
381 289
382 289
383 289
384 289
385 289
386 289
387 289
376 290
377 290
378 290
379 290
380 290
381 290
382 290
383 290
384 290
385 290
386 290
387 290
376 291
377 291
378 291
379 291
380 291
381 291
382 291
383 291
384 291
385 291
386 291
387 291
376 292
377 292
378 292
379 292
380 292
381 292
382 292
383 292
384 292
385 292
386 292
387 292
376 293
377 293
378 293
379 293
380 293
381 293
382 293
383 293
384 293
385 293
386 293
387 293
376 294
377 294
378 294
379 294
380 294
381 294
382 294
383 294
384 294
385 294
386 294
387 294
376 295
377 295
378 295
379 295
380 295
381 295
382 295
383 295
384 295
385 295
386 295
387 295
376 296
377 296
378 296
379 296
380 296
381 296
382 296
383 296
384 296
385 296
386 296
387 296
376 297
377 297
378 297
379 297
380 297
381 297
382 297
383 297
384 297
385 297
386 297
387 297
376 298
377 298
378 298
379 298
380 298
381 298
382 298
383 298
384 298
385 298
386 298
387 298
376 299
377 299
378 299
379 299
380 299
381 299
382 299
383 299
384 299
385 299
386 299
387 299
376 300
377 300
378 300
379 300
380 300
381 300
382 300
383 300
384 300
385 300
386 300
387 300
376 301
377 301
378 301
379 301
380 301
381 301
382 301
383 301
384 301
385 301
386 301
387 301
376 302
377 302
378 302
379 302
380 302
381 302
382 302
383 302
384 302
385 302
386 302
387 302
376 303
377 303
378 303
379 303
380 303
381 303
382 303
383 303
384 303
385 303
386 303
387 303
376 304
377 304
378 304
379 304
380 304
381 304
382 304
383 304
384 304
385 304
386 304
376 305
377 305
378 305
379 305
380 305
381 305
382 305
383 305
384 305
385 305
386 305
376 306
377 306
378 306
379 306
380 306
381 306
382 306
383 306
384 306
385 306
386 306
376 307
377 307
378 307
379 307
380 307
381 307
382 307
383 307
384 307
385 307
386 307
376 308
377 308
378 308
379 308
380 308
381 308
382 308
383 308
384 308
385 308
377 309
378 309
379 309
380 309
381 309
382 309
383 309
384 309
377 310
378 310
379 310
380 310
381 310
382 310
383 310
381 311
