289 396
290 396
291 396
292 396
293 396
294 396
295 396
296 396
297 396
298 396
299 396
300 396
301 396
302 396
303 396
304 396
288 397
289 397
290 397
291 397
292 397
293 397
294 397
295 397
296 397
297 397
298 397
299 397
300 397
301 397
302 397
303 397
304 397
305 397
306 397
288 398
289 398
290 398
291 398
292 398
293 398
294 398
295 398
296 398
297 398
298 398
299 398
300 398
301 398
302 398
303 398
304 398
305 398
306 398
288 399
289 399
290 399
291 399
292 399
293 399
294 399
295 399
296 399
297 399
298 399
299 399
300 399
301 399
302 399
303 399
304 399
305 399
306 399
307 399
288 400
289 400
290 400
291 400
292 400
293 400
294 400
295 400
296 400
297 400
298 400
299 400
300 400
301 400
302 400
303 400
304 400
305 400
306 400
307 400
288 401
289 401
290 401
291 401
292 401
293 401
294 401
295 401
296 401
297 401
298 401
299 401
300 401
301 401
302 401
303 401
304 401
305 401
306 401
307 401
288 402
289 402
290 402
291 402
292 402
293 402
294 402
295 402
296 402
297 402
298 402
299 402
300 402
301 402
302 402
303 402
304 402
305 402
306 402
307 402
288 403
289 403
290 403
291 403
292 403
293 403
294 403
295 403
296 403
297 403
298 403
299 403
300 403
301 403
302 403
303 403
304 403
305 403
306 403
307 403
288 404
289 404
290 404
291 404
292 404
293 404
294 404
295 404
296 404
297 404
298 404
299 404
300 404
301 404
302 404
303 404
304 404
305 404
306 404
307 404
288 405
289 405
290 405
291 405
292 405
293 405
294 405
295 405
296 405
297 405
298 405
299 405
300 405
301 405
302 405
303 405
304 405
305 405
306 405
307 405
288 406
289 406
290 406
291 406
292 406
293 406
294 406
295 406
296 406
297 406
298 406
299 406
300 406
301 406
302 406
303 406
304 406
305 406
306 406
307 406
288 407
289 407
290 407
291 407
292 407
293 407
294 407
295 407
296 407
297 407
298 407
299 407
300 407
301 407
302 407
303 407
304 407
305 407
306 407
307 407
288 408
289 408
290 408
291 408
292 408
293 408
294 408
295 408
296 408
297 408
298 408
299 408
300 408
301 408
302 408
303 408
304 408
305 408
306 408
307 408
288 409
289 409
290 409
291 409
292 409
293 409
294 409
295 409
296 409
297 409
298 409
299 409
300 409
301 409
302 409
303 409
304 409
305 409
306 409
307 409
288 410
289 410
290 410
291 410
292 410
293 410
294 410
295 410
296 410
297 410
298 410
299 410
300 410
301 410
302 410
303 410
304 410
305 410
306 410
307 410
288 411
289 411
290 411
291 411
292 411
293 411
294 411
295 411
296 411
297 411
298 411
299 411
300 411
301 411
302 411
303 411
304 411
305 411
306 411
307 411
288 412
289 412
290 412
291 412
292 412
293 412
294 412
295 412
296 412
297 412
298 412
299 412
300 412
301 412
302 412
303 412
304 412
305 412
306 412
307 412
288 413
289 413
290 413
291 413
292 413
293 413
294 413
295 413
296 413
297 413
298 413
299 413
300 413
301 413
302 413
303 413
304 413
305 413
306 413
307 413
288 414
289 414
290 414
291 414
292 414
293 414
294 414
295 414
296 414
297 414
298 414
299 414
300 414
301 414
302 414
303 414
304 414
305 414
306 414
307 414
288 415
289 415
290 415
291 415
292 415
293 415
294 415
295 415
296 415
297 415
298 415
299 415
300 415
301 415
302 415
303 415
304 415
305 415
306 415
307 415
288 416
289 416
290 416
291 416
292 416
293 416
294 416
295 416
296 416
297 416
298 416
299 416
300 416
301 416
302 416
303 416
304 416
305 416
306 416
307 416
288 417
289 417
290 417
291 417
292 417
293 417
294 417
295 417
296 417
297 417
298 417
299 417
300 417
301 417
302 417
303 417
304 417
305 417
306 417
307 417
288 418
289 418
290 418
291 418
292 418
293 418
294 418
295 418
296 418
297 418
298 418
299 418
300 418
301 418
302 418
303 418
304 418
305 418
306 418
307 418
288 419
289 419
290 419
291 419
292 419
293 419
294 419
295 419
296 419
297 419
298 419
299 419
300 419
301 419
302 419
303 419
304 419
305 419
306 419
307 419
288 420
289 420
290 420
291 420
292 420
293 420
294 420
295 420
296 420
297 420
298 420
299 420
300 420
301 420
302 420
303 420
304 420
305 420
306 420
307 420
288 421
289 421
290 421
291 421
292 421
293 421
294 421
295 421
296 421
297 421
298 421
299 421
300 421
301 421
302 421
303 421
304 421
305 421
306 421
307 421
288 422
289 422
290 422
291 422
292 422
293 422
294 422
295 422
296 422
297 422
298 422
299 422
300 422
301 422
302 422
303 422
304 422
305 422
306 422
307 422
288 423
289 423
290 423
291 423
292 423
293 423
294 423
295 423
296 423
297 423
298 423
299 423
300 423
301 423
302 423
303 423
304 423
305 423
306 423
307 423
288 424
289 424
290 424
291 424
292 424
293 424
294 424
295 424
296 424
297 424
298 424
299 424
300 424
301 424
302 424
303 424
304 424
305 424
306 424
307 424
288 425
289 425
290 425
291 425
292 425
293 425
294 425
295 425
296 425
297 425
298 425
299 425
300 425
301 425
302 425
303 425
304 425
305 425
306 425
307 425
288 426
289 426
290 426
291 426
292 426
293 426
294 426
295 426
296 426
297 426
298 426
299 426
300 426
301 426
302 426
303 426
304 426
305 426
306 426
307 426
288 427
289 427
290 427
291 427
292 427
293 427
294 427
295 427
296 427
297 427
298 427
299 427
300 427
301 427
302 427
303 427
304 427
305 427
306 427
307 427
288 428
289 428
290 428
291 428
292 428
293 428
294 428
295 428
296 428
297 428
298 428
299 428
300 428
301 428
302 428
303 428
304 428
305 428
306 428
307 428
288 429
289 429
290 429
291 429
292 429
293 429
294 429
295 429
296 429
297 429
298 429
299 429
300 429
301 429
302 429
303 429
304 429
305 429
306 429
307 429
288 430
289 430
290 430
291 430
292 430
293 430
294 430
295 430
296 430
297 430
298 430
299 430
300 430
301 430
302 430
303 430
304 430
305 430
306 430
307 430
288 431
289 431
290 431
291 431
292 431
293 431
294 431
295 431
296 431
297 431
298 431
299 431
300 431
301 431
302 431
303 431
304 431
305 431
306 431
307 431
288 432
289 432
290 432
291 432
292 432
293 432
294 432
295 432
296 432
297 432
298 432
299 432
300 432
301 432
302 432
303 432
304 432
305 432
306 432
307 432
288 433
289 433
290 433
291 433
292 433
293 433
294 433
295 433
296 433
297 433
298 433
299 433
300 433
301 433
302 433
303 433
304 433
305 433
306 433
307 433
288 434
289 434
290 434
291 434
292 434
293 434
294 434
295 434
296 434
297 434
298 434
299 434
300 434
301 434
302 434
303 434
304 434
305 434
306 434
307 434
288 435
289 435
290 435
291 435
292 435
293 435
294 435
295 435
296 435
297 435
298 435
299 435
300 435
301 435
302 435
303 435
304 435
305 435
306 435
307 435
288 436
289 436
290 436
291 436
292 436
293 436
294 436
295 436
296 436
297 436
298 436
299 436
300 436
301 436
302 436
303 436
304 436
305 436
306 436
288 437
289 437
290 437
291 437
292 437
293 437
294 437
295 437
296 437
297 437
298 437
299 437
300 437
301 437
302 437
303 437
304 437
305 437
306 437
288 438
289 438
290 438
291 438
292 438
293 438
294 438
295 438
296 438
297 438
298 438
299 438
300 438
301 438
302 438
303 438
304 438
305 438
289 439
290 439
291 439
292 439
293 439
294 439
295 439
296 439
297 439
298 439
299 439
300 439
301 439
302 439
303 439
304 439
290 440
291 440
292 440
293 440
294 440
295 440
296 440
297 440
298 440
299 440
300 440
301 440
302 440
303 440
291 441
292 441
293 441
294 441
295 441
296 441
297 441
298 441
299 441
300 441
301 441
302 441
303 441
292 442
293 442
294 442
295 442
296 442
297 442
298 442
299 442
300 442
301 442
302 442
293 443
294 443
295 443
296 443
297 443
298 443
299 443
300 443
301 443
