250 184
251 184
252 184
253 184
254 184
255 184
256 184
257 184
258 184
249 185
250 185
251 185
252 185
253 185
254 185
255 185
256 185
257 185
258 185
259 185
248 186
249 186
250 186
251 186
252 186
253 186
254 186
255 186
256 186
257 186
258 186
259 186
260 186
248 187
249 187
250 187
251 187
252 187
253 187
254 187
255 187
256 187
257 187
258 187
259 187
260 187
261 187
248 188
249 188
250 188
251 188
252 188
253 188
254 188
255 188
256 188
257 188
258 188
259 188
260 188
261 188
262 188
248 189
249 189
250 189
251 189
252 189
253 189
254 189
255 189
256 189
257 189
258 189
259 189
260 189
261 189
262 189
263 189
248 190
249 190
250 190
251 190
252 190
253 190
254 190
255 190
256 190
257 190
258 190
259 190
260 190
261 190
262 190
263 190
248 191
249 191
250 191
251 191
252 191
253 191
254 191
255 191
256 191
257 191
258 191
259 191
260 191
261 191
262 191
263 191
248 192
249 192
250 192
251 192
252 192
253 192
254 192
255 192
256 192
257 192
258 192
259 192
260 192
261 192
262 192
263 192
248 193
249 193
250 193
251 193
252 193
253 193
254 193
255 193
256 193
257 193
258 193
259 193
260 193
261 193
262 193
263 193
264 193
248 194
249 194
250 194
251 194
252 194
253 194
254 194
255 194
256 194
257 194
258 194
259 194
260 194
261 194
262 194
263 194
264 194
248 195
249 195
250 195
251 195
252 195
253 195
254 195
255 195
256 195
257 195
258 195
259 195
260 195
261 195
262 195
263 195
264 195
265 195
248 196
249 196
250 196
251 196
252 196
253 196
254 196
255 196
256 196
257 196
258 196
259 196
260 196
261 196
262 196
263 196
264 196
265 196
266 196
248 197
249 197
250 197
251 197
252 197
253 197
254 197
255 197
256 197
257 197
258 197
259 197
260 197
261 197
262 197
263 197
264 197
265 197
266 197
267 197
248 198
249 198
250 198
251 198
252 198
253 198
254 198
255 198
256 198
257 198
258 198
259 198
260 198
261 198
262 198
263 198
264 198
265 198
266 198
267 198
248 199
249 199
250 199
251 199
252 199
253 199
254 199
255 199
256 199
257 199
258 199
259 199
260 199
261 199
262 199
263 199
264 199
265 199
266 199
267 199
248 200
249 200
250 200
251 200
252 200
253 200
254 200
255 200
256 200
257 200
258 200
259 200
260 200
261 200
262 200
263 200
264 200
265 200
266 200
267 200
248 201
249 201
250 201
251 201
252 201
253 201
254 201
255 201
256 201
257 201
258 201
259 201
260 201
261 201
262 201
263 201
264 201
265 201
266 201
267 201
248 202
249 202
250 202
251 202
252 202
253 202
254 202
255 202
256 202
257 202
258 202
259 202
260 202
261 202
262 202
263 202
264 202
265 202
266 202
267 202
248 203
249 203
250 203
251 203
252 203
253 203
254 203
255 203
256 203
257 203
258 203
259 203
260 203
261 203
262 203
263 203
264 203
265 203
266 203
267 203
248 204
249 204
250 204
251 204
252 204
253 204
254 204
255 204
256 204
257 204
258 204
259 204
260 204
261 204
262 204
263 204
264 204
265 204
266 204
267 204
248 205
249 205
250 205
251 205
252 205
253 205
254 205
255 205
256 205
257 205
258 205
259 205
260 205
261 205
262 205
263 205
264 205
265 205
266 205
267 205
248 206
249 206
250 206
251 206
252 206
253 206
254 206
255 206
256 206
257 206
258 206
259 206
260 206
261 206
262 206
263 206
264 206
265 206
266 206
267 206
248 207
249 207
250 207
251 207
252 207
253 207
254 207
255 207
256 207
257 207
258 207
259 207
260 207
261 207
262 207
263 207
264 207
265 207
266 207
267 207
248 208
249 208
250 208
251 208
252 208
253 208
254 208
255 208
256 208
257 208
258 208
259 208
260 208
261 208
262 208
263 208
264 208
265 208
266 208
267 208
268 208
248 209
249 209
250 209
251 209
252 209
253 209
254 209
255 209
256 209
257 209
258 209
259 209
260 209
261 209
262 209
263 209
264 209
265 209
266 209
267 209
268 209
248 210
249 210
250 210
251 210
252 210
253 210
254 210
255 210
256 210
257 210
258 210
259 210
260 210
261 210
262 210
263 210
264 210
265 210
266 210
267 210
268 210
248 211
249 211
250 211
251 211
252 211
253 211
254 211
255 211
256 211
257 211
258 211
259 211
260 211
261 211
262 211
263 211
264 211
265 211
266 211
267 211
268 211
248 212
249 212
250 212
251 212
252 212
253 212
254 212
255 212
256 212
257 212
258 212
259 212
260 212
261 212
262 212
263 212
264 212
265 212
266 212
267 212
268 212
248 213
249 213
250 213
251 213
252 213
253 213
254 213
255 213
256 213
257 213
258 213
259 213
260 213
261 213
262 213
263 213
264 213
265 213
266 213
267 213
268 213
248 214
249 214
250 214
251 214
252 214
253 214
254 214
255 214
256 214
257 214
258 214
259 214
260 214
261 214
262 214
263 214
264 214
265 214
266 214
267 214
268 214
249 215
250 215
251 215
252 215
253 215
254 215
255 215
256 215
257 215
258 215
259 215
260 215
261 215
262 215
263 215
264 215
265 215
266 215
267 215
268 215
250 216
251 216
252 216
253 216
254 216
255 216
256 216
257 216
258 216
259 216
260 216
261 216
262 216
263 216
264 216
265 216
266 216
267 216
251 217
252 217
253 217
254 217
255 217
256 217
257 217
258 217
259 217
260 217
261 217
262 217
263 217
264 217
265 217
266 217
267 217
252 218
253 218
254 218
255 218
256 218
257 218
258 218
259 218
260 218
261 218
262 218
263 218
264 218
265 218
266 218
267 218
252 219
253 219
254 219
255 219
256 219
257 219
258 219
259 219
260 219
261 219
262 219
263 219
264 219
265 219
266 219
267 219
252 220
253 220
254 220
255 220
256 220
257 220
258 220
259 220
260 220
261 220
262 220
263 220
264 220
265 220
266 220
267 220
253 221
254 221
255 221
256 221
257 221
258 221
259 221
260 221
261 221
262 221
263 221
264 221
265 221
266 221
267 221
253 222
254 222
255 222
256 222
257 222
258 222
259 222
260 222
261 222
262 222
263 222
264 222
265 222
266 222
267 222
254 223
255 223
256 223
257 223
258 223
259 223
260 223
261 223
262 223
263 223
264 223
265 223
266 223
267 223
256 224
257 224
258 224
259 224
260 224
261 224
262 224
263 224
264 224
265 224
266 224
267 224
256 225
257 225
258 225
259 225
260 225
261 225
262 225
263 225
264 225
265 225
266 225
267 225
257 226
258 226
259 226
260 226
261 226
262 226
263 226
264 226
265 226
266 226
258 227
259 227
260 227
261 227
262 227
263 227
264 227
265 227
266 227
