261 120
262 120
263 120
264 120
265 120
266 120
267 120
268 120
260 121
261 121
262 121
263 121
264 121
265 121
266 121
267 121
268 121
269 121
270 121
260 122
261 122
262 122
263 122
264 122
265 122
266 122
267 122
268 122
269 122
270 122
271 122
259 123
260 123
261 123
262 123
263 123
264 123
265 123
266 123
267 123
268 123
269 123
270 123
271 123
258 124
259 124
260 124
261 124
262 124
263 124
264 124
265 124
266 124
267 124
268 124
269 124
270 124
271 124
257 125
258 125
259 125
260 125
261 125
262 125
263 125
264 125
265 125
266 125
267 125
268 125
269 125
270 125
271 125
256 126
257 126
258 126
259 126
260 126
261 126
262 126
263 126
264 126
265 126
266 126
267 126
268 126
269 126
270 126
271 126
256 127
257 127
258 127
259 127
260 127
261 127
262 127
263 127
264 127
265 127
266 127
267 127
268 127
269 127
270 127
271 127
272 127
256 128
257 128
258 128
259 128
260 128
261 128
262 128
263 128
264 128
265 128
266 128
267 128
268 128
269 128
270 128
271 128
272 128
273 128
256 129
257 129
258 129
259 129
260 129
261 129
262 129
263 129
264 129
265 129
266 129
267 129
268 129
269 129
270 129
271 129
272 129
273 129
274 129
255 130
256 130
257 130
258 130
259 130
260 130
261 130
262 130
263 130
264 130
265 130
266 130
267 130
268 130
269 130
270 130
271 130
272 130
273 130
274 130
275 130
254 131
255 131
256 131
257 131
258 131
259 131
260 131
261 131
262 131
263 131
264 131
265 131
266 131
267 131
268 131
269 131
270 131
271 131
272 131
273 131
274 131
275 131
253 132
254 132
255 132
256 132
257 132
258 132
259 132
260 132
261 132
262 132
263 132
264 132
265 132
266 132
267 132
268 132
269 132
270 132
271 132
272 132
273 132
274 132
275 132
252 133
253 133
254 133
255 133
256 133
257 133
258 133
259 133
260 133
261 133
262 133
263 133
264 133
265 133
266 133
267 133
268 133
269 133
270 133
271 133
272 133
273 133
274 133
275 133
252 134
253 134
254 134
255 134
256 134
257 134
258 134
259 134
260 134
261 134
262 134
263 134
264 134
265 134
266 134
267 134
268 134
269 134
270 134
271 134
272 134
273 134
274 134
275 134
252 135
253 135
254 135
255 135
256 135
257 135
258 135
259 135
260 135
261 135
262 135
263 135
264 135
265 135
266 135
267 135
268 135
269 135
270 135
271 135
272 135
273 135
274 135
275 135
252 136
253 136
254 136
255 136
256 136
257 136
258 136
259 136
260 136
261 136
262 136
263 136
264 136
265 136
266 136
267 136
268 136
269 136
270 136
271 136
272 136
273 136
274 136
275 136
252 137
253 137
254 137
255 137
256 137
257 137
258 137
259 137
260 137
261 137
262 137
263 137
264 137
265 137
266 137
267 137
268 137
269 137
270 137
271 137
272 137
273 137
274 137
275 137
252 138
253 138
254 138
255 138
256 138
257 138
258 138
259 138
260 138
261 138
262 138
263 138
264 138
265 138
266 138
267 138
268 138
269 138
270 138
271 138
272 138
273 138
274 138
275 138
252 139
253 139
254 139
255 139
256 139
257 139
258 139
259 139
260 139
261 139
262 139
263 139
264 139
265 139
266 139
267 139
268 139
269 139
270 139
271 139
272 139
273 139
274 139
275 139
252 140
253 140
254 140
255 140
256 140
257 140
258 140
259 140
260 140
261 140
262 140
263 140
264 140
265 140
266 140
267 140
268 140
269 140
270 140
271 140
272 140
273 140
274 140
275 140
252 141
253 141
254 141
255 141
256 141
257 141
258 141
259 141
260 141
261 141
262 141
263 141
264 141
265 141
266 141
267 141
268 141
269 141
270 141
271 141
272 141
273 141
274 141
275 141
252 142
253 142
254 142
255 142
256 142
257 142
258 142
259 142
260 142
261 142
262 142
263 142
264 142
265 142
266 142
267 142
268 142
269 142
270 142
271 142
272 142
273 142
274 142
275 142
252 143
253 143
254 143
255 143
256 143
257 143
258 143
259 143
260 143
261 143
262 143
263 143
264 143
265 143
266 143
267 143
268 143
269 143
270 143
271 143
272 143
273 143
274 143
275 143
252 144
253 144
254 144
255 144
256 144
257 144
258 144
259 144
260 144
261 144
262 144
263 144
264 144
265 144
266 144
267 144
268 144
269 144
270 144
271 144
272 144
273 144
274 144
275 144
252 145
253 145
254 145
255 145
256 145
257 145
258 145
259 145
260 145
261 145
262 145
263 145
264 145
265 145
266 145
267 145
268 145
269 145
270 145
271 145
272 145
273 145
274 145
275 145
252 146
253 146
254 146
255 146
256 146
257 146
258 146
259 146
260 146
261 146
262 146
263 146
264 146
265 146
266 146
267 146
268 146
269 146
270 146
271 146
272 146
273 146
274 146
275 146
252 147
253 147
254 147
255 147
256 147
257 147
258 147
259 147
260 147
261 147
262 147
263 147
264 147
265 147
266 147
267 147
268 147
269 147
270 147
271 147
272 147
273 147
274 147
275 147
252 148
253 148
254 148
255 148
256 148
257 148
258 148
259 148
260 148
261 148
262 148
263 148
264 148
265 148
266 148
267 148
268 148
269 148
270 148
271 148
272 148
273 148
274 148
275 148
252 149
253 149
254 149
255 149
256 149
257 149
258 149
259 149
260 149
261 149
262 149
263 149
264 149
265 149
266 149
267 149
268 149
269 149
270 149
271 149
272 149
273 149
274 149
275 149
252 150
253 150
254 150
255 150
256 150
257 150
258 150
259 150
260 150
261 150
262 150
263 150
264 150
265 150
266 150
267 150
268 150
269 150
270 150
271 150
272 150
273 150
274 150
275 150
252 151
253 151
254 151
255 151
256 151
257 151
258 151
259 151
260 151
261 151
262 151
263 151
264 151
265 151
266 151
267 151
268 151
269 151
270 151
271 151
272 151
273 151
274 151
275 151
252 152
253 152
254 152
255 152
256 152
257 152
258 152
259 152
260 152
261 152
262 152
263 152
264 152
265 152
266 152
267 152
268 152
269 152
270 152
271 152
272 152
273 152
274 152
275 152
252 153
253 153
254 153
255 153
256 153
257 153
258 153
259 153
260 153
261 153
262 153
263 153
264 153
265 153
266 153
267 153
268 153
269 153
270 153
271 153
272 153
273 153
274 153
275 153
252 154
253 154
254 154
255 154
256 154
257 154
258 154
259 154
260 154
261 154
262 154
263 154
264 154
265 154
266 154
267 154
268 154
269 154
270 154
271 154
272 154
273 154
274 154
275 154
252 155
253 155
254 155
255 155
256 155
257 155
258 155
259 155
260 155
261 155
262 155
263 155
264 155
265 155
266 155
267 155
268 155
269 155
270 155
271 155
272 155
273 155
274 155
275 155
252 156
253 156
254 156
255 156
256 156
257 156
258 156
259 156
260 156
261 156
262 156
263 156
264 156
265 156
266 156
267 156
268 156
269 156
270 156
271 156
272 156
273 156
274 156
275 156
252 157
253 157
254 157
255 157
256 157
257 157
258 157
259 157
260 157
261 157
262 157
263 157
264 157
265 157
266 157
267 157
268 157
269 157
270 157
271 157
272 157
273 157
274 157
275 157
252 158
253 158
254 158
255 158
256 158
257 158
258 158
259 158
260 158
261 158
262 158
263 158
264 158
265 158
266 158
267 158
268 158
269 158
270 158
271 158
272 158
273 158
274 158
275 158
252 159
253 159
254 159
255 159
256 159
257 159
258 159
259 159
260 159
261 159
262 159
263 159
264 159
265 159
266 159
267 159
268 159
269 159
270 159
271 159
272 159
273 159
274 159
275 159
252 160
253 160
254 160
255 160
256 160
257 160
258 160
259 160
260 160
261 160
262 160
263 160
264 160
265 160
266 160
267 160
268 160
269 160
270 160
271 160
272 160
273 160
274 160
275 160
252 161
253 161
254 161
255 161
256 161
257 161
258 161
259 161
260 161
261 161
262 161
263 161
264 161
265 161
266 161
267 161
268 161
269 161
270 161
271 161
272 161
273 161
274 161
275 161
252 162
253 162
254 162
255 162
256 162
257 162
258 162
259 162
260 162
261 162
262 162
263 162
264 162
265 162
266 162
267 162
268 162
269 162
270 162
271 162
272 162
273 162
274 162
275 162
253 163
254 163
255 163
256 163
257 163
258 163
259 163
260 163
261 163
262 163
263 163
264 163
265 163
266 163
267 163
268 163
269 163
270 163
271 163
272 163
273 163
274 163
275 163
254 164
255 164
256 164
257 164
258 164
259 164
260 164
261 164
262 164
263 164
264 164
265 164
266 164
267 164
268 164
269 164
270 164
271 164
272 164
273 164
274 164
275 164
255 165
256 165
257 165
258 165
259 165
260 165
261 165
262 165
263 165
264 165
265 165
266 165
267 165
268 165
269 165
270 165
271 165
272 165
273 165
274 165
275 165
255 166
256 166
257 166
258 166
259 166
260 166
261 166
262 166
263 166
264 166
265 166
266 166
267 166
268 166
269 166
270 166
271 166
272 166
273 166
274 166
275 166
255 167
256 167
257 167
258 167
259 167
260 167
261 167
262 167
263 167
264 167
265 167
266 167
267 167
268 167
269 167
270 167
271 167
272 167
273 167
274 167
275 167
255 168
256 168
257 168
258 168
259 168
260 168
261 168
262 168
263 168
264 168
265 168
266 168
267 168
268 168
269 168
270 168
271 168
272 168
273 168
274 168
275 168
255 169
256 169
257 169
258 169
259 169
260 169
261 169
262 169
263 169
264 169
265 169
266 169
267 169
268 169
269 169
270 169
271 169
272 169
273 169
274 169
275 169
255 170
256 170
257 170
258 170
259 170
260 170
261 170
262 170
263 170
264 170
265 170
266 170
267 170
268 170
269 170
270 170
271 170
272 170
273 170
274 170
255 171
256 171
257 171
258 171
259 171
260 171
261 171
262 171
263 171
264 171
265 171
266 171
267 171
268 171
269 171
270 171
271 171
272 171
273 171
256 172
257 172
258 172
259 172
260 172
261 172
262 172
263 172
264 172
265 172
266 172
267 172
268 172
269 172
270 172
271 172
272 172
257 173
258 173
259 173
260 173
261 173
262 173
263 173
264 173
265 173
266 173
267 173
268 173
269 173
270 173
271 173
258 174
259 174
260 174
261 174
262 174
263 174
264 174
265 174
266 174
267 174
268 174
269 174
270 174
271 174
259 175
260 175
261 175
262 175
263 175
264 175
265 175
266 175
267 175
268 175
269 175
270 175
260 176
261 176
262 176
263 176
264 176
265 176
266 176
267 176
268 176
260 177
261 177
262 177
263 177
264 177
265 177
266 177
267 177
261 178
262 178
263 178
264 178
265 178
266 178
262 179
263 179
264 179
265 179
277 180
278 180
276 181
277 181
278 181
279 181
276 182
277 182
278 182
279 182
277 183
278 183
