X Y Z
309 432 548
310 432 547
311 432 546
312 432 544
313 432 544
314 432 544
315 432 544
316 432 544
317 432 544
318 432 544
319 432 544
320 432 544
321 432 544
322 432 544
305 433 551
306 433 551
307 433 550
308 433 549
309 433 548
310 433 546
311 433 544
312 433 543
313 433 543
314 433 543
315 433 543
316 433 543
317 433 543
318 433 543
319 433 543
320 433 543
321 433 543
322 433 542
323 433 544
305 434 550
306 434 550
307 434 550
308 434 548
309 434 547
310 434 545
311 434 543
312 434 543
313 434 542
314 434 542
315 434 542
316 434 542
317 434 542
318 434 542
319 434 542
320 434 542
321 434 541
322 434 541
323 434 542
324 434 543
305 435 549
306 435 550
307 435 549
308 435 548
309 435 546
310 435 544
311 435 543
312 435 542
313 435 542
314 435 542
315 435 541
316 435 541
317 435 541
318 435 541
319 435 541
320 435 541
321 435 540
322 435 540
323 435 540
324 435 541
304 436 546
305 436 547
306 436 548
307 436 548
308 436 547
309 436 546
310 436 544
311 436 543
312 436 542
313 436 542
314 436 541
315 436 541
316 436 540
317 436 540
318 436 540
319 436 540
320 436 540
321 436 539
322 436 538
323 436 538
324 436 539
325 436 540
304 437 545
305 437 546
306 437 547
307 437 547
308 437 547
309 437 546
310 437 544
311 437 543
312 437 543
313 437 542
314 437 541
315 437 541
316 437 540
317 437 540
318 437 540
319 437 540
320 437 539
321 437 538
322 437 538
323 437 538
324 437 539
326 437 541
304 438 544
305 438 545
306 438 546
307 438 547
308 438 546
309 438 545
310 438 544
311 438 543
312 438 543
313 438 542
314 438 541
315 438 541
316 438 540
317 438 540
318 438 540
319 438 539
320 438 538
321 438 538
322 438 537
323 438 537
324 438 538
325 438 538
327 438 542
305 439 544
306 439 546
307 439 546
308 439 546
309 439 545
310 439 544
311 439 544
312 439 543
313 439 542
314 439 541
315 439 541
316 439 540
317 439 540
318 439 539
319 439 538
320 439 538
321 439 537
322 439 537
323 439 537
324 439 537
325 439 537
326 439 539
304 440 543
305 440 544
306 440 545
307 440 546
308 440 546
309 440 545
310 440 544
311 440 544
312 440 543
313 440 542
314 440 542
315 440 541
316 440 540
317 440 539
318 440 539
319 440 538
320 440 538
321 440 537
322 440 537
323 440 536
324 440 536
325 440 536
326 440 538
327 440 540
304 441 543
305 441 544
306 441 545
307 441 545
308 441 545
309 441 545
310 441 544
311 441 544
312 441 543
313 441 542
314 441 542
315 441 541
316 441 540
317 441 540
318 441 539
319 441 538
320 441 537
321 441 537
322 441 536
323 441 536
324 441 536
325 441 536
326 441 537
327 441 539
304 442 542
305 442 543
306 442 544
307 442 545
308 442 545
309 442 545
310 442 544
311 442 544
312 442 543
313 442 542
314 442 542
315 442 541
316 442 540
317 442 540
318 442 538
319 442 538
320 442 537
321 442 536
322 442 536
323 442 536
324 442 536
325 442 536
326 442 537
327 442 538
328 442 540
304 443 542
305 443 543
306 443 544
307 443 544
308 443 544
309 443 544
310 443 544
311 443 544
312 443 543
313 443 542
314 443 542
315 443 541
316 443 540
317 443 539
318 443 538
319 443 538
320 443 537
321 443 536
322 443 536
323 443 535
324 443 535
325 443 536
326 443 536
327 443 537
328 443 539
304 444 542
305 444 542
306 444 543
307 444 544
308 444 544
309 444 544
310 444 544
311 444 543
312 444 543
313 444 542
314 444 541
315 444 540
316 444 540
317 444 539
318 444 538
319 444 537
320 444 537
321 444 536
322 444 535
323 444 535
324 444 535
325 444 536
326 444 536
327 444 537
328 444 537
329 444 539
304 445 542
305 445 542
306 445 543
307 445 544
308 445 544
309 445 544
310 445 544
311 445 543
312 445 543
313 445 542
314 445 541
315 445 540
316 445 540
317 445 539
318 445 538
319 445 537
320 445 536
321 445 536
322 445 535
323 445 535
324 445 535
325 445 535
326 445 536
327 445 537
328 445 537
329 445 538
330 445 539
304 446 542
305 446 542
306 446 543
307 446 543
308 446 544
309 446 544
310 446 543
311 446 543
312 446 542
313 446 542
314 446 541
315 446 540
316 446 540
317 446 539
318 446 538
319 446 537
320 446 537
321 446 536
322 446 535
323 446 535
324 446 535
325 446 535
326 446 536
327 446 536
328 446 537
329 446 538
330 446 538
331 446 540
304 447 542
305 447 543
306 447 543
307 447 543
308 447 544
309 447 543
310 447 543
311 447 543
312 447 542
313 447 541
314 447 541
315 447 540
316 447 540
317 447 539
318 447 538
319 447 537
320 447 537
321 447 536
322 447 535
323 447 535
324 447 535
325 447 535
326 447 536
327 447 536
328 447 537
329 447 537
330 447 538
331 447 539
303 448 541
304 448 542
305 448 543
306 448 543
307 448 543
308 448 543
309 448 543
310 448 543
311 448 542
312 448 542
313 448 541
314 448 541
315 448 540
316 448 540
317 448 539
318 448 538
319 448 537
320 448 537
321 448 536
322 448 535
323 448 535
324 448 535
325 448 535
326 448 536
327 448 536
328 448 536
329 448 537
330 448 538
331 448 538
303 449 541
304 449 542
305 449 543
306 449 543
307 449 543
308 449 543
309 449 543
310 449 543
311 449 542
312 449 542
313 449 541
314 449 540
315 449 540
316 449 539
317 449 539
318 449 538
319 449 538
320 449 537
321 449 536
322 449 536
323 449 535
324 449 535
325 449 535
326 449 535
327 449 536
328 449 536
329 449 537
330 449 537
331 449 538
303 450 541
304 450 542
305 450 543
306 450 543
307 450 543
308 450 543
309 450 543
310 450 543
311 450 542
312 450 541
313 450 541
314 450 540
315 450 540
316 450 539
317 450 539
318 450 538
319 450 538
320 450 537
321 450 536
322 450 536
323 450 535
324 450 535
325 450 535
326 450 535
327 450 536
328 450 536
329 450 537
330 450 537
331 450 537
302 451 540
303 451 542
304 451 542
305 451 543
306 451 543
307 451 543
308 451 543
309 451 543
310 451 542
311 451 542
312 451 541
313 451 540
314 451 540
315 451 540
316 451 539
317 451 539
318 451 539
319 451 538
320 451 538
321 451 537
322 451 536
323 451 536
324 451 535
325 451 535
326 451 535
327 451 536
328 451 536
329 451 536
330 451 537
331 451 537
301 452 539
302 452 540
303 452 541
304 452 542
305 452 543
306 452 543
307 452 543
308 452 543
309 452 542
310 452 542
311 452 541
312 452 541
313 452 540
314 452 540
315 452 540
316 452 540
317 452 539
318 452 539
319 452 538
320 452 538
321 452 537
322 452 536
323 452 536
324 452 535
325 452 535
326 452 535
327 452 535
328 452 536
329 452 536
330 452 536
331 452 536
300 453 538
301 453 539
302 453 540
303 453 541
304 453 542
305 453 542
306 453 543
307 453 543
308 453 542
309 453 542
310 453 542
311 453 541
312 453 540
313 453 540
314 453 540
315 453 540
316 453 540
317 453 539
318 453 539
319 453 538
320 453 538
321 453 537
322 453 537
323 453 536
324 453 536
325 453 535
326 453 535
327 453 535
328 453 536
329 453 536
330 453 536
331 453 536
300 454 538
301 454 539
302 454 540
303 454 541
304 454 542
305 454 542
306 454 542
307 454 542
308 454 542
309 454 542
310 454 541
311 454 541
312 454 540
313 454 540
314 454 540
315 454 540
316 454 540
317 454 540
318 454 539
319 454 538
320 454 538
321 454 537
322 454 537
323 454 536
324 454 536
325 454 535
326 454 535
327 454 536
328 454 536
329 454 536
330 454 536
331 454 536
300 455 538
301 455 539
302 455 540
303 455 541
304 455 542
305 455 542
306 455 542
307 455 542
308 455 542
309 455 541
310 455 541
311 455 541
312 455 540
313 455 540
314 455 540
315 455 540
316 455 540
317 455 540
318 455 539
319 455 539
320 455 538
321 455 537
322 455 537
323 455 536
324 455 536
325 455 536
326 455 536
327 455 536
328 455 536
329 455 536
330 455 536
331 455 536
300 456 539
301 456 539
302 456 540
303 456 541
304 456 541
305 456 542
306 456 542
307 456 542
308 456 542
309 456 541
310 456 541
311 456 541
312 456 540
313 456 540
314 456 540
315 456 540
316 456 540
317 456 540
318 456 539
319 456 539
320 456 538
321 456 538
322 456 537
323 456 536
324 456 536
325 456 536
326 456 536
327 456 536
328 456 536
329 456 536
330 456 536
331 456 536
300 457 539
301 457 540
302 457 540
303 457 541
304 457 541
305 457 541
306 457 542
307 457 542
308 457 541
309 457 541
310 457 541
311 457 541
312 457 540
313 457 540
314 457 540
315 457 540
316 457 540
317 457 540
318 457 539
319 457 539
320 457 538
321 457 538
322 457 537
323 457 537
324 457 536
325 457 536
326 457 536
327 457 536
328 457 536
329 457 536
330 457 536
331 457 536
300 458 540
301 458 540
302 458 540
303 458 541
304 458 541
305 458 541
306 458 541
307 458 541
308 458 541
309 458 541
310 458 541
311 458 541
312 458 541
313 458 540
314 458 540
315 458 540
316 458 540
317 458 540
318 458 539
319 458 539
320 458 538
321 458 538
322 458 538
323 458 537
324 458 537
325 458 536
326 458 536
327 458 536
328 458 536
329 458 536
330 458 536
331 458 536
300 459 540
301 459 540
302 459 540
303 459 541
304 459 541
305 459 541
306 459 541
307 459 541
308 459 541
309 459 541
310 459 541
311 459 541
312 459 541
313 459 541
314 459 541
315 459 540
316 459 540
317 459 540
318 459 539
319 459 539
320 459 539
321 459 538
322 459 538
323 459 537
324 459 537
325 459 537
326 459 536
327 459 536
328 459 536
329 459 536
330 459 536
331 459 536
300 460 540
301 460 541
302 460 541
303 460 541
304 460 541
305 460 541
306 460 541
307 460 541
308 460 541
309 460 541
310 460 541
311 460 541
312 460 541
313 460 541
314 460 541
315 460 540
316 460 540
317 460 540
318 460 539
319 460 539
320 460 539
321 460 539
322 460 538
323 460 538
324 460 538
325 460 537
326 460 537
327 460 537
328 460 537
329 460 536
330 460 536
331 460 537
300 461 541
301 461 541
302 461 541
303 461 541
304 461 541
305 461 541
306 461 541
307 461 541
308 461 541
309 461 541
310 461 541
311 461 541
312 461 541
313 461 541
314 461 541
315 461 541
316 461 540
317 461 540
318 461 540
319 461 539
320 461 539
321 461 539
322 461 538
323 461 538
324 461 538
325 461 537
326 461 537
327 461 537
328 461 537
329 461 537
330 461 537
331 461 537
300 462 541
301 462 541
302 462 541
303 462 541
304 462 541
305 462 541
306 462 541
307 462 541
308 462 541
309 462 541
310 462 541
311 462 542
312 462 542
313 462 541
314 462 541
315 462 541
316 462 540
317 462 540
318 462 540
319 462 540
320 462 539
321 462 539
322 462 539
323 462 539
324 462 538
325 462 538
326 462 537
327 462 537
328 462 537
329 462 537
330 462 537
331 462 537
300 463 541
301 463 541
302 463 541
303 463 541
304 463 541
305 463 541
306 463 541
307 463 541
308 463 541
309 463 541
310 463 542
311 463 542
312 463 542
313 463 541
314 463 541
315 463 541
316 463 540
317 463 540
318 463 540
319 463 540
320 463 539
321 463 539
322 463 539
323 463 539
324 463 538
325 463 538
326 463 537
327 463 537
328 463 537
329 463 537
330 463 537
331 463 537
300 464 541
301 464 541
302 464 542
303 464 542
304 464 541
305 464 541
306 464 541
307 464 541
308 464 541
309 464 541
310 464 542
311 464 542
312 464 542
313 464 542
314 464 541
315 464 541
316 464 540
317 464 540
318 464 540
319 464 540
320 464 540
321 464 539
322 464 539
323 464 539
324 464 538
325 464 538
326 464 537
327 464 537
328 464 537
329 464 537
330 464 536
331 464 537
300 465 542
301 465 542
302 465 542
303 465 542
304 465 541
305 465 541
306 465 541
307 465 541
308 465 541
309 465 542
310 465 542
311 465 542
312 465 542
313 465 542
314 465 541
315 465 541
316 465 541
317 465 540
318 465 540
319 465 540
320 465 540
321 465 539
322 465 539
323 465 539
324 465 538
325 465 538
326 465 537
327 465 537
328 465 537
329 465 536
330 465 536
331 465 537
300 466 542
301 466 542
302 466 542
303 466 542
304 466 542
305 466 541
306 466 541
307 466 541
308 466 541
309 466 542
310 466 542
311 466 542
312 466 542
313 466 542
314 466 542
315 466 541
316 466 541
317 466 540
318 466 540
319 466 540
320 466 540
321 466 540
322 466 539
323 466 539
324 466 538
325 466 538
326 466 537
327 466 537
328 466 537
329 466 536
330 466 536
331 466 536
300 467 542
301 467 542
302 467 542
303 467 542
304 467 542
305 467 541
306 467 541
307 467 541
308 467 541
309 467 542
310 467 542
311 467 542
312 467 542
313 467 542
314 467 542
315 467 541
316 467 541
317 467 541
318 467 540
319 467 540
320 467 540
321 467 540
322 467 539
323 467 539
324 467 538
325 467 538
326 467 537
327 467 537
328 467 537
329 467 536
330 467 536
331 467 536
300 468 542
301 468 542
302 468 543
303 468 542
304 468 542
307 468 542
308 468 541
309 468 542
310 468 542
311 468 542
312 468 542
313 468 542
314 468 542
315 468 542
316 468 541
317 468 541
318 468 541
319 468 541
320 468 540
321 468 540
322 468 539
323 468 539
324 468 538
325 468 538
326 468 537
327 468 537
328 468 536
329 468 536
330 468 536
331 468 536
300 469 542
301 469 542
302 469 542
303 469 543
304 469 542
305 469 542
307 469 542
308 469 542
309 469 542
310 469 542
311 469 542
312 469 542
313 469 542
314 469 542
315 469 542
316 469 542
317 469 541
318 469 541
319 469 541
320 469 541
321 469 540
322 469 539
323 469 539
324 469 538
325 469 538
326 469 537
327 469 537
328 469 536
329 469 536
330 469 536
331 469 536
300 470 542
301 470 543
302 470 543
303 470 542
304 470 542
305 470 542
306 470 542
307 470 542
308 470 542
309 470 542
310 470 542
311 470 542
312 470 542
313 470 542
314 470 542
315 470 542
316 470 542
317 470 541
318 470 541
319 470 541
320 470 541
321 470 540
322 470 539
323 470 539
324 470 538
325 470 538
326 470 537
327 470 537
328 470 536
329 470 536
330 470 536
300 471 543
301 471 542
302 471 543
303 471 542
304 471 542
305 471 542
306 471 542
307 471 542
308 471 542
309 471 542
310 471 542
311 471 542
312 471 542
313 471 542
314 471 542
315 471 542
316 471 542
317 471 542
318 471 541
319 471 541
320 471 540
321 471 540
322 471 539
323 471 539
324 471 538
325 471 538
326 471 537
327 471 537
328 471 536
329 471 536
300 472 543
301 472 543
302 472 543
303 472 542
304 472 542
305 472 542
306 472 542
307 472 542
308 472 542
309 472 542
310 472 542
311 472 542
312 472 542
313 472 542
314 472 542
315 472 542
316 472 542
317 472 541
318 472 541
319 472 541
320 472 540
321 472 540
322 472 539
323 472 539
324 472 538
325 472 538
326 472 537
301 473 542
302 473 543
303 473 542
304 473 542
305 473 542
306 473 542
307 473 541
308 473 542
309 473 542
310 473 542
311 473 542
312 473 542
313 473 542
314 473 542
315 473 542
316 473 542
317 473 541
318 473 541
319 473 541
320 473 540
321 473 540
322 473 539
323 473 539
324 473 538
325 473 538
326 473 537
327 473 537
302 474 542
303 474 542
304 474 542
305 474 542
306 474 542
307 474 542
308 474 542
309 474 542
310 474 542
311 474 542
312 474 542
313 474 542
314 474 542
315 474 542
316 474 542
317 474 541
318 474 541
319 474 540
320 474 540
321 474 540
322 474 539
323 474 539
324 474 538
325 474 538
326 474 537
327 474 537
302 475 542
303 475 542
304 475 542
305 475 542
306 475 542
307 475 541
308 475 541
309 475 541
310 475 542
311 475 542
312 475 542
313 475 542
314 475 542
315 475 542
316 475 541
317 475 541
318 475 541
319 475 540
320 475 540
321 475 539
322 475 539
323 475 539
324 475 538
325 475 538
326 475 537
327 475 537
303 476 542
304 476 542
305 476 541
306 476 541
307 476 541
308 476 541
309 476 541
310 476 541
311 476 541
312 476 541
313 476 541
314 476 541
315 476 541
316 476 541
317 476 541
318 476 540
319 476 540
320 476 540
321 476 539
322 476 539
323 476 539
324 476 538
325 476 538
326 476 537
327 476 537
328 476 537
329 476 537
304 477 541
305 477 541
306 477 541
307 477 541
308 477 541
309 477 541
310 477 541
311 477 541
312 477 541
313 477 541
314 477 541
315 477 541
316 477 541
317 477 540
318 477 540
319 477 540
320 477 539
321 477 539
322 477 539
323 477 538
324 477 538
325 477 538
326 477 537
327 477 537
328 477 537
329 477 536
304 478 541
305 478 541
306 478 541
307 478 540
308 478 541
309 478 540
310 478 541
311 478 541
312 478 541
313 478 541
314 478 541
315 478 541
316 478 540
317 478 540
318 478 540
319 478 540
320 478 539
321 478 539
322 478 539
323 478 538
324 478 538
325 478 538
326 478 537
327 478 537
328 478 537
329 478 537
304 479 541
305 479 541
306 479 541
307 479 541
308 479 541
309 479 540
310 479 540
311 479 540
312 479 540
313 479 540
314 479 540
315 479 540
316 479 540
317 479 539
318 479 539
319 479 539
320 479 539
321 479 539
322 479 538
323 479 538
324 479 538
325 479 538
326 479 537
327 479 537
328 479 537
329 479 537
330 479 537
305 480 541
306 480 541
307 480 541
308 480 540
309 480 540
310 480 540
311 480 540
312 480 540
313 480 540
314 480 540
315 480 540
316 480 539
317 480 539
318 480 539
319 480 539
320 480 539
321 480 539
322 480 538
323 480 538
324 480 538
325 480 538
326 480 537
327 480 537
328 480 537
329 480 537
306 481 541
307 481 540
308 481 541
309 481 540
310 481 540
311 481 540
312 481 540
313 481 540
314 481 540
315 481 539
316 481 539
317 481 539
318 481 539
319 481 539
320 481 539
321 481 538
322 481 538
323 481 538
324 481 538
325 481 538
326 481 537
327 481 537
328 481 537
307 482 541
308 482 540
309 482 541
310 482 540
311 482 540
312 482 540
313 482 540
314 482 539
315 482 539
316 482 539
317 482 539
318 482 539
319 482 539
320 482 538
321 482 538
322 482 538
323 482 538
324 482 538
325 482 538
326 482 538
327 482 537
328 482 537
308 483 541
309 483 540
310 483 540
311 483 540
312 483 540
313 483 540
314 483 539
315 483 539
316 483 539
317 483 538
318 483 538
319 483 538
320 483 538
321 483 538
322 483 538
323 483 538
324 483 538
325 483 537
326 483 538
327 483 538
310 484 540
311 484 540
312 484 540
313 484 539
314 484 539
315 484 539
316 484 539
317 484 538
318 484 538
319 484 538
320 484 538
321 484 537
322 484 537
323 484 537
324 484 537
325 484 538
326 484 538
312 485 540
313 485 540
314 485 539
315 485 539
316 485 539
317 485 538
318 485 538
319 485 538
320 485 537
321 485 537
322 485 537
323 485 537
324 485 537
325 485 537
313 486 540
314 486 539
315 486 539
316 486 538
317 486 538
318 486 538
319 486 538
320 486 538
321 486 537
322 486 537
323 486 537
324 486 537
316 487 538
317 487 538
318 487 538
319 487 537
320 487 537
321 487 537
322 487 537
