X Y Z
269 328 573
270 328 572
271 328 572
272 328 572
274 328 572
266 329 573
267 329 573
268 329 573
269 329 573
270 329 573
271 329 573
272 329 572
273 329 571
274 329 571
275 329 572
265 330 573
266 330 573
267 330 573
268 330 573
269 330 573
270 330 573
271 330 572
272 330 572
273 330 572
274 330 571
275 330 571
265 331 572
267 331 572
268 331 573
269 331 573
270 331 573
271 331 573
272 331 572
273 331 572
274 331 571
265 332 572
266 332 572
267 332 572
268 332 573
269 332 573
270 332 573
271 332 573
272 332 573
273 332 572
274 332 571
275 332 571
276 332 570
265 333 572
266 333 572
267 333 572
268 333 573
269 333 573
270 333 573
271 333 573
272 333 573
273 333 572
274 333 571
275 333 571
276 333 570
265 334 572
266 334 572
267 334 572
268 334 573
269 334 573
270 334 573
271 334 573
272 334 573
273 334 572
274 334 571
275 334 571
276 334 570
277 334 569
264 335 572
265 335 572
266 335 572
267 335 573
268 335 573
269 335 573
270 335 574
271 335 574
272 335 573
273 335 572
274 335 571
275 335 571
276 335 570
277 335 569
264 336 572
265 336 572
266 336 573
267 336 573
268 336 573
269 336 574
270 336 574
271 336 574
272 336 573
273 336 572
274 336 571
275 336 571
276 336 570
277 336 570
278 336 569
279 336 569
264 337 573
265 337 573
266 337 573
267 337 573
268 337 574
269 337 574
270 337 574
271 337 574
272 337 574
273 337 573
274 337 572
275 337 571
276 337 570
277 337 570
278 337 570
279 337 569
264 338 573
265 338 573
266 338 574
267 338 574
269 338 575
270 338 575
271 338 575
272 338 574
273 338 573
274 338 572
275 338 571
276 338 571
277 338 570
278 338 570
279 338 570
264 339 573
265 339 574
266 339 574
268 339 575
269 339 575
270 339 575
271 339 575
274 339 572
275 339 572
276 339 571
277 339 571
278 339 570
279 339 570
264 340 574
266 340 575
267 340 576
268 340 576
269 340 576
270 340 577
271 340 576
272 340 575
273 340 574
274 340 573
275 340 572
276 340 572
277 340 571
278 340 571
279 340 571
264 341 574
266 341 575
267 341 576
268 341 577
269 341 577
270 341 577
271 341 577
272 341 576
273 341 575
274 341 574
275 341 573
276 341 572
277 341 572
278 341 571
279 341 571
265 342 575
266 342 575
267 342 577
268 342 577
269 342 577
270 342 577
271 342 577
272 342 576
273 342 575
274 342 574
275 342 573
276 342 573
277 342 572
278 342 572
279 342 571
265 343 575
266 343 576
267 343 577
268 343 578
269 343 578
270 343 578
271 343 577
272 343 577
273 343 575
274 343 574
275 343 573
276 343 573
277 343 572
278 343 572
279 343 571
264 344 574
265 344 575
266 344 576
267 344 578
268 344 578
269 344 578
270 344 578
271 344 577
272 344 577
273 344 575
274 344 574
275 344 574
276 344 573
277 344 573
278 344 572
264 345 574
265 345 575
266 345 576
269 345 578
270 345 578
271 345 578
272 345 577
273 345 575
274 345 574
275 345 574
276 345 573
277 345 572
278 345 572
265 346 575
266 346 576
269 346 579
270 346 579
271 346 578
272 346 577
273 346 575
274 346 574
275 346 573
276 346 573
277 346 573
278 346 572
265 347 575
266 347 577
269 347 579
270 347 579
271 347 578
272 347 577
273 347 575
274 347 574
275 347 573
276 347 573
277 347 572
265 348 576
266 348 577
267 348 579
268 348 580
269 348 580
270 348 579
271 348 578
272 348 576
273 348 575
274 348 574
275 348 573
276 348 573
277 348 572
278 348 572
264 349 575
265 349 576
266 349 578
267 349 579
268 349 580
269 349 579
270 349 579
271 349 578
272 349 576
273 349 575
274 349 574
275 349 573
276 349 573
277 349 572
264 350 575
265 350 577
266 350 578
267 350 580
268 350 580
269 350 580
270 350 579
271 350 578
272 350 577
273 350 575
274 350 574
275 350 573
276 350 573
264 351 575
265 351 577
266 351 578
267 351 580
268 351 580
269 351 580
270 351 579
271 351 578
272 351 577
273 351 575
274 351 574
275 351 573
264 352 576
265 352 578
266 352 579
267 352 580
268 352 580
269 352 580
270 352 580
271 352 578
272 352 577
273 352 575
274 352 574
275 352 573
264 353 577
265 353 578
266 353 580
267 353 581
268 353 581
269 353 580
270 353 580
271 353 579
272 353 578
273 353 576
274 353 574
264 354 577
265 354 579
266 354 580
267 354 581
268 354 581
269 354 581
270 354 580
271 354 579
272 354 578
273 354 576
265 355 580
266 355 581
267 355 582
268 355 582
269 355 581
270 355 581
271 355 579
265 356 580
266 356 582
267 356 583
268 356 583
269 356 582
270 356 582
265 357 581
266 357 582
267 357 583
268 357 583
