X Y Z
325 228 623
326 228 624
327 228 625
328 228 625
329 228 626
330 228 626
325 229 622
326 229 624
327 229 624
328 229 625
329 229 626
330 229 626
331 229 627
323 230 619
324 230 621
325 230 622
326 230 623
327 230 624
328 230 625
329 230 626
330 230 626
331 230 627
320 231 609
321 231 611
323 231 618
324 231 621
326 231 623
327 231 624
328 231 625
329 231 626
330 231 626
331 231 627
332 231 626
333 231 626
319 232 607
320 232 609
321 232 611
322 232 614
323 232 618
324 232 620
326 232 622
327 232 624
328 232 625
329 232 625
330 232 626
331 232 626
332 232 626
333 232 626
334 232 626
335 232 627
319 233 607
320 233 609
321 233 611
322 233 614
323 233 617
324 233 620
325 233 621
326 233 622
327 233 623
328 233 624
329 233 625
330 233 626
331 233 626
332 233 626
333 233 626
334 233 626
335 233 626
336 233 627
318 234 607
319 234 608
320 234 609
321 234 611
322 234 614
323 234 617
324 234 619
325 234 621
327 234 623
328 234 624
329 234 625
330 234 626
331 234 626
332 234 626
333 234 626
334 234 626
335 234 626
336 234 627
337 234 627
317 235 608
318 235 607
319 235 608
320 235 609
321 235 611
322 235 613
323 235 616
324 235 618
325 235 620
327 235 623
328 235 624
329 235 625
330 235 625
331 235 626
332 235 626
333 235 626
334 235 626
335 235 626
336 235 627
337 235 627
338 235 627
316 236 609
317 236 608
318 236 608
319 236 608
320 236 609
322 236 612
323 236 615
324 236 617
325 236 619
326 236 621
327 236 622
328 236 623
329 236 624
330 236 625
331 236 625
332 236 625
333 236 626
334 236 626
335 236 626
336 236 627
337 236 627
338 236 627
316 237 610
317 237 609
318 237 609
319 237 609
320 237 609
322 237 612
323 237 614
324 237 617
325 237 619
326 237 620
327 237 622
329 237 623
330 237 624
331 237 625
332 237 625
333 237 625
334 237 626
335 237 626
336 237 627
337 237 627
338 237 627
315 238 612
316 238 610
317 238 609
318 238 609
319 238 609
320 238 610
322 238 612
323 238 614
324 238 617
325 238 619
326 238 620
327 238 622
328 238 622
329 238 623
330 238 624
331 238 624
332 238 625
333 238 625
334 238 626
335 238 626
336 238 626
337 238 627
338 238 627
315 239 612
316 239 611
317 239 609
318 239 609
319 239 609
320 239 610
321 239 611
322 239 612
323 239 614
324 239 617
325 239 618
326 239 620
327 239 621
328 239 622
329 239 623
330 239 623
331 239 624
332 239 624
333 239 624
334 239 625
335 239 625
336 239 626
337 239 627
338 239 627
339 239 627
340 239 627
316 240 611
317 240 610
318 240 610
319 240 610
320 240 610
322 240 612
323 240 614
324 240 616
325 240 619
326 240 620
327 240 621
328 240 622
330 240 623
331 240 623
332 240 624
333 240 624
334 240 625
335 240 625
336 240 626
337 240 626
338 240 626
339 240 627
340 240 627
313 241 630
314 241 619
315 241 613
316 241 610
317 241 610
318 241 609
319 241 609
320 241 610
321 241 611
322 241 612
323 241 614
324 241 617
325 241 619
326 241 620
327 241 621
328 241 622
329 241 622
330 241 623
331 241 623
333 241 624
334 241 624
335 241 625
336 241 625
337 241 626
338 241 626
339 241 626
340 241 627
312 242 631
313 242 628
316 242 611
317 242 610
318 242 609
319 242 610
320 242 610
321 242 611
322 242 613
323 242 615
324 242 617
325 242 619
326 242 620
327 242 621
328 242 622
329 242 622
330 242 622
331 242 623
332 242 623
333 242 623
334 242 624
335 242 624
336 242 625
337 242 625
338 242 625
339 242 626
340 242 626
312 243 630
313 243 627
317 243 609
318 243 609
319 243 610
321 243 611
322 243 613
323 243 615
324 243 618
325 243 619
326 243 620
327 243 621
328 243 622
329 243 622
330 243 622
331 243 622
332 243 622
333 243 623
334 243 623
335 243 624
337 243 625
338 243 625
339 243 626
340 243 626
341 243 626
312 244 628
313 244 625
314 244 621
317 244 609
318 244 609
319 244 610
320 244 611
321 244 612
324 244 618
325 244 619
326 244 620
327 244 621
328 244 621
329 244 621
330 244 621
331 244 621
332 244 621
333 244 622
334 244 622
335 244 623
336 244 623
337 244 624
338 244 624
339 244 625
340 244 625
341 244 625
312 245 628
313 245 624
314 245 618
315 245 612
316 245 609
317 245 608
318 245 609
319 245 610
320 245 611
321 245 612
322 245 614
323 245 616
324 245 618
325 245 619
326 245 620
327 245 621
328 245 621
329 245 621
330 245 621
331 245 621
332 245 621
333 245 621
334 245 622
335 245 622
336 245 623
337 245 624
338 245 624
339 245 624
340 245 625
341 245 625
312 246 628
313 246 624
314 246 617
315 246 611
316 246 609
317 246 608
318 246 609
319 246 610
320 246 611
321 246 612
322 246 614
323 246 616
324 246 618
325 246 619
326 246 620
327 246 621
328 246 621
329 246 621
330 246 621
331 246 621
332 246 621
333 246 621
334 246 621
335 246 622
336 246 623
337 246 623
338 246 624
339 246 624
340 246 624
341 246 625
312 247 628
313 247 623
314 247 615
315 247 609
316 247 608
317 247 608
318 247 608
319 247 610
320 247 611
321 247 612
322 247 614
323 247 616
324 247 618
325 247 619
326 247 620
327 247 621
328 247 621
329 247 621
330 247 621
331 247 621
332 247 621
333 247 621
334 247 621
335 247 622
336 247 622
337 247 623
338 247 623
339 247 624
340 247 624
341 247 624
312 248 628
313 248 622
314 248 615
315 248 609
316 248 608
317 248 608
318 248 608
319 248 610
320 248 611
321 248 612
322 248 614
323 248 616
324 248 618
325 248 619
326 248 620
327 248 621
328 248 621
329 248 621
330 248 621
331 248 621
332 248 621
333 248 621
334 248 621
335 248 621
336 248 622
337 248 622
338 248 623
339 248 623
340 248 623
341 248 623
312 249 627
313 249 618
314 249 613
315 249 609
316 249 608
317 249 608
318 249 608
319 249 610
320 249 611
321 249 612
322 249 614
323 249 616
324 249 617
325 249 619
326 249 620
327 249 620
328 249 621
329 249 621
330 249 621
331 249 621
332 249 621
333 249 621
334 249 621
335 249 621
336 249 621
337 249 622
338 249 622
339 249 622
340 249 623
341 249 623
312 250 626
313 250 620
315 250 608
316 250 607
317 250 607
318 250 608
319 250 610
321 250 612
322 250 614
323 250 616
324 250 617
325 250 618
326 250 620
327 250 620
328 250 621
329 250 621
330 250 621
331 250 621
332 250 621
333 250 621
334 250 621
335 250 621
336 250 621
337 250 621
338 250 622
339 250 622
340 250 622
341 250 622
314 251 609
315 251 607
316 251 607
317 251 607
318 251 608
319 251 609
320 251 611
321 251 612
322 251 614
323 251 615
324 251 617
325 251 618
326 251 619
327 251 620
328 251 621
329 251 621
330 251 621
331 251 621
332 251 621
333 251 621
334 251 621
335 251 621
336 251 621
337 251 621
338 251 621
339 251 622
340 251 622
341 251 622
313 252 609
314 252 606
315 252 606
316 252 607
317 252 607
318 252 608
319 252 609
320 252 611
321 252 612
322 252 614
323 252 615
324 252 617
325 252 618
326 252 619
327 252 620
328 252 621
329 252 621
330 252 621
331 252 621
332 252 621
333 252 621
334 252 621
335 252 621
336 252 621
337 252 621
338 252 621
339 252 621
340 252 621
341 252 621
313 253 607
314 253 606
315 253 606
316 253 606
317 253 607
318 253 608
319 253 609
320 253 611
321 253 612
322 253 614
323 253 615
324 253 617
325 253 618
326 253 619
327 253 620
328 253 620
329 253 620
330 253 620
331 253 621
332 253 621
333 253 621
334 253 621
335 253 621
336 253 621
337 253 621
338 253 621
339 253 621
340 253 621
341 253 620
314 254 606
315 254 606
316 254 606
317 254 607
318 254 608
319 254 609
320 254 611
321 254 612
322 254 614
323 254 615
324 254 617
325 254 618
326 254 619
327 254 620
328 254 620
329 254 620
330 254 620
331 254 620
332 254 620
333 254 621
334 254 621
335 254 621
336 254 621
337 254 621
338 254 620
339 254 620
340 254 620
341 254 620
315 255 606
316 255 606
317 255 607
318 255 608
319 255 609
320 255 611
321 255 612
322 255 614
323 255 616
324 255 617
325 255 618
326 255 619
327 255 619
328 255 620
329 255 620
330 255 620
331 255 620
332 255 620
333 255 620
334 255 620
335 255 621
336 255 621
337 255 620
338 255 620
339 255 620
340 255 620
341 255 620
316 256 606
317 256 607
318 256 608
319 256 610
321 256 613
322 256 614
323 256 616
324 256 617
325 256 618
326 256 619
327 256 619
328 256 619
329 256 619
330 256 619
331 256 619
332 256 619
333 256 619
334 256 619
335 256 620
336 256 620
337 256 620
338 256 619
339 256 619
340 256 619
341 256 619
316 257 607
317 257 607
318 257 609
319 257 610
321 257 613
322 257 615
323 257 616
324 257 617
325 257 618
326 257 618
327 257 618
328 257 618
329 257 619
330 257 618
331 257 618
332 257 618
333 257 618
334 257 618
335 257 618
336 257 619
337 257 618
338 257 619
339 257 618
340 257 618
341 257 618
317 258 607
318 258 609
319 258 611
320 258 612
321 258 614
322 258 616
323 258 617
324 258 617
325 258 618
326 258 618
327 258 618
328 258 618
329 258 618
330 258 617
331 258 617
332 258 617
333 258 617
334 258 617
335 258 617
336 258 617
337 258 617
338 258 617
339 258 617
340 258 617
318 259 610
319 259 611
320 259 613
321 259 614
322 259 616
323 259 617
324 259 617
325 259 617
326 259 617
327 259 617
328 259 617
329 259 617
330 259 617
331 259 616
332 259 616
333 259 615
334 259 615
335 259 615
336 259 616
337 259 615
338 259 616
339 259 616
319 260 612
320 260 614
321 260 615
322 260 616
323 260 617
324 260 617
325 260 616
326 260 616
327 260 616
328 260 615
329 260 615
330 260 615
331 260 614
332 260 614
333 260 613
334 260 612
335 260 613
336 260 613
337 260 612
338 260 613
339 260 613
320 261 614
321 261 616
322 261 617
323 261 616
324 261 616
325 261 616
326 261 616
327 261 615
328 261 615
329 261 615
330 261 614
331 261 613
332 261 613
333 261 612
334 261 612
335 261 611
336 261 611
337 261 611
338 261 611
339 261 612
320 262 615
321 262 616
322 262 616
323 262 616
324 262 616
325 262 615
326 262 615
327 262 614
328 262 614
329 262 614
330 262 613
331 262 613
332 262 612
333 262 612
334 262 611
335 262 611
336 262 611
337 262 611
338 262 611
339 262 611
320 263 616
321 263 616
322 263 616
323 263 616
324 263 615
325 263 615
326 263 615
327 263 614
328 263 614
329 263 613
330 263 613
331 263 612
332 263 612
333 263 611
334 263 611
335 263 610
336 263 610
337 263 610
338 263 610
339 263 611
321 264 615
322 264 615
323 264 615
324 264 615
325 264 615
326 264 614
327 264 614
328 264 613
329 264 613
330 264 612
331 264 612
332 264 612
333 264 611
334 264 611
335 264 611
336 264 610
337 264 610
338 264 610
339 264 610
322 265 615
323 265 615
324 265 615
325 265 614
326 265 614
327 265 613
328 265 613
329 265 612
330 265 612
331 265 612
332 265 612
333 265 611
334 265 611
335 265 611
336 265 610
337 265 610
338 265 610
339 265 610
322 266 614
323 266 614
324 266 614
325 266 614
326 266 614
327 266 613
328 266 612
329 266 612
330 266 612
331 266 612
332 266 612
333 266 611
334 266 611
335 266 611
336 266 610
337 266 610
338 266 610
339 266 610
323 267 614
324 267 614
325 267 613
326 267 614
327 267 613
328 267 612
329 267 612
330 267 611
331 267 611
332 267 612
333 267 611
334 267 611
335 267 611
336 267 610
337 267 610
338 267 610
321 268 611
323 268 612
326 268 613
327 268 612
328 268 612
329 268 611
330 268 611
331 268 611
332 268 612
333 268 611
334 268 611
335 268 611
336 268 611
337 268 610
338 268 610
321 269 610
323 269 611
324 269 611
325 269 612
326 269 612
327 269 612
328 269 611
329 269 611
330 269 611
331 269 611
332 269 612
333 269 611
334 269 611
335 269 611
336 269 611
337 269 610
322 270 610
324 270 611
325 270 611
326 270 611
327 270 611
328 270 611
329 270 611
330 270 611
331 270 611
332 270 612
333 270 611
334 270 611
335 270 611
336 270 611
337 270 610
322 271 609
323 271 609
324 271 610
325 271 611
326 271 611
327 271 611
328 271 611
329 271 611
330 271 611
331 271 611
332 271 611
333 271 611
334 271 611
335 271 611
336 271 610
323 272 608
324 272 609
325 272 610
326 272 610
327 272 611
328 272 611
329 272 611
330 272 611
331 272 611
332 272 612
333 272 611
334 272 611
335 272 611
324 273 608
325 273 609
326 273 610
327 273 610
328 273 610
329 273 611
330 273 611
331 273 611
332 273 612
333 273 611
334 273 611
335 273 611
325 274 608
326 274 609
327 274 609
328 274 610
329 274 611
330 274 611
331 274 611
332 274 611
333 274 611
334 274 611
326 275 609
327 275 609
328 275 610
329 275 611
330 275 611
331 275 611
332 275 611
333 275 611
334 275 611
328 276 609
329 276 610
