321 156
322 156
323 156
324 156
325 156
326 156
327 156
328 156
329 156
330 156
320 157
321 157
322 157
323 157
324 157
325 157
326 157
327 157
328 157
329 157
330 157
331 157
320 158
321 158
322 158
323 158
324 158
325 158
326 158
327 158
328 158
329 158
330 158
331 158
319 159
320 159
321 159
322 159
323 159
324 159
325 159
326 159
327 159
328 159
329 159
330 159
331 159
332 159
317 160
318 160
319 160
320 160
321 160
322 160
323 160
324 160
325 160
326 160
327 160
328 160
329 160
330 160
331 160
332 160
333 160
316 161
317 161
318 161
319 161
320 161
321 161
322 161
323 161
324 161
325 161
326 161
327 161
328 161
329 161
330 161
331 161
332 161
333 161
334 161
316 162
317 162
318 162
319 162
320 162
321 162
322 162
323 162
324 162
325 162
326 162
327 162
328 162
329 162
330 162
331 162
332 162
333 162
334 162
335 162
315 163
316 163
317 163
318 163
319 163
320 163
321 163
322 163
323 163
324 163
325 163
326 163
327 163
328 163
329 163
330 163
331 163
332 163
333 163
334 163
335 163
314 164
315 164
316 164
317 164
318 164
319 164
320 164
321 164
322 164
323 164
324 164
325 164
326 164
327 164
328 164
329 164
330 164
331 164
332 164
333 164
334 164
335 164
313 165
314 165
315 165
316 165
317 165
318 165
319 165
320 165
321 165
322 165
323 165
324 165
325 165
326 165
327 165
328 165
329 165
330 165
331 165
332 165
333 165
334 165
335 165
313 166
314 166
315 166
316 166
317 166
318 166
319 166
320 166
321 166
322 166
323 166
324 166
325 166
326 166
327 166
328 166
329 166
330 166
331 166
332 166
333 166
334 166
335 166
313 167
314 167
315 167
316 167
317 167
318 167
319 167
320 167
321 167
322 167
323 167
324 167
325 167
326 167
327 167
328 167
329 167
330 167
331 167
332 167
333 167
334 167
335 167
336 167
312 168
313 168
314 168
315 168
316 168
317 168
318 168
319 168
320 168
321 168
322 168
323 168
324 168
325 168
326 168
327 168
328 168
329 168
330 168
331 168
332 168
333 168
334 168
335 168
336 168
337 168
312 169
313 169
314 169
315 169
316 169
317 169
318 169
319 169
320 169
321 169
322 169
323 169
324 169
325 169
326 169
327 169
328 169
329 169
330 169
331 169
332 169
333 169
334 169
335 169
336 169
337 169
338 169
312 170
313 170
314 170
315 170
316 170
317 170
318 170
319 170
320 170
321 170
322 170
323 170
324 170
325 170
326 170
327 170
328 170
329 170
330 170
331 170
332 170
333 170
334 170
335 170
336 170
337 170
338 170
312 171
313 171
314 171
315 171
316 171
317 171
318 171
319 171
320 171
321 171
322 171
323 171
324 171
325 171
326 171
327 171
328 171
329 171
330 171
331 171
332 171
333 171
334 171
335 171
336 171
337 171
338 171
339 171
312 172
313 172
314 172
315 172
316 172
317 172
318 172
319 172
320 172
321 172
322 172
323 172
324 172
325 172
326 172
327 172
328 172
329 172
330 172
331 172
332 172
333 172
334 172
335 172
336 172
337 172
338 172
339 172
312 173
313 173
314 173
315 173
316 173
317 173
318 173
319 173
320 173
321 173
322 173
323 173
324 173
325 173
326 173
327 173
328 173
329 173
330 173
331 173
332 173
333 173
334 173
335 173
336 173
337 173
338 173
339 173
312 174
313 174
314 174
315 174
316 174
317 174
318 174
319 174
320 174
321 174
322 174
323 174
324 174
325 174
326 174
327 174
328 174
329 174
330 174
331 174
332 174
333 174
334 174
335 174
336 174
337 174
338 174
339 174
312 175
313 175
314 175
315 175
316 175
317 175
318 175
319 175
320 175
321 175
322 175
323 175
324 175
325 175
326 175
327 175
328 175
329 175
330 175
331 175
332 175
333 175
334 175
335 175
336 175
337 175
338 175
339 175
312 176
313 176
314 176
315 176
316 176
317 176
318 176
319 176
320 176
321 176
322 176
323 176
324 176
325 176
326 176
327 176
328 176
329 176
330 176
331 176
332 176
333 176
334 176
335 176
336 176
337 176
338 176
339 176
312 177
313 177
314 177
315 177
316 177
317 177
318 177
319 177
320 177
321 177
322 177
323 177
324 177
325 177
326 177
327 177
328 177
329 177
330 177
331 177
332 177
333 177
334 177
335 177
336 177
337 177
338 177
339 177
312 178
313 178
314 178
315 178
316 178
317 178
318 178
319 178
320 178
321 178
322 178
323 178
324 178
325 178
326 178
327 178
328 178
329 178
330 178
331 178
332 178
333 178
334 178
335 178
336 178
337 178
338 178
339 178
312 179
313 179
314 179
315 179
316 179
317 179
318 179
319 179
320 179
321 179
322 179
323 179
324 179
325 179
326 179
327 179
328 179
329 179
330 179
331 179
332 179
333 179
334 179
335 179
336 179
337 179
338 179
339 179
312 180
313 180
314 180
315 180
316 180
317 180
318 180
319 180
320 180
321 180
322 180
323 180
324 180
325 180
326 180
327 180
328 180
329 180
330 180
331 180
332 180
333 180
334 180
335 180
336 180
337 180
338 180
339 180
312 181
313 181
314 181
315 181
316 181
317 181
318 181
319 181
320 181
321 181
322 181
323 181
324 181
325 181
326 181
327 181
328 181
329 181
330 181
331 181
332 181
333 181
334 181
335 181
336 181
337 181
338 181
339 181
312 182
313 182
314 182
315 182
316 182
317 182
318 182
319 182
320 182
321 182
322 182
323 182
324 182
325 182
326 182
327 182
328 182
329 182
330 182
331 182
332 182
333 182
334 182
335 182
336 182
337 182
338 182
339 182
312 183
313 183
314 183
315 183
316 183
317 183
318 183
319 183
320 183
321 183
322 183
323 183
324 183
325 183
326 183
327 183
328 183
329 183
330 183
331 183
332 183
333 183
334 183
335 183
336 183
337 183
338 183
339 183
312 184
313 184
314 184
315 184
316 184
317 184
318 184
319 184
320 184
321 184
322 184
323 184
324 184
325 184
326 184
327 184
328 184
329 184
330 184
331 184
332 184
333 184
334 184
335 184
336 184
337 184
338 184
339 184
312 185
313 185
314 185
315 185
316 185
317 185
318 185
319 185
320 185
321 185
322 185
323 185
324 185
325 185
326 185
327 185
328 185
329 185
330 185
331 185
332 185
333 185
334 185
335 185
336 185
337 185
338 185
339 185
312 186
313 186
314 186
315 186
316 186
317 186
318 186
319 186
320 186
321 186
322 186
323 186
324 186
325 186
326 186
327 186
328 186
329 186
330 186
331 186
332 186
333 186
334 186
335 186
336 186
337 186
338 186
339 186
312 187
313 187
314 187
315 187
316 187
317 187
318 187
319 187
320 187
321 187
322 187
323 187
324 187
325 187
326 187
327 187
328 187
329 187
330 187
331 187
332 187
333 187
334 187
335 187
336 187
337 187
338 187
339 187
312 188
313 188
314 188
315 188
316 188
317 188
318 188
319 188
320 188
321 188
322 188
323 188
324 188
325 188
326 188
327 188
328 188
329 188
330 188
331 188
332 188
333 188
334 188
335 188
336 188
337 188
338 188
339 188
312 189
313 189
314 189
315 189
316 189
317 189
318 189
319 189
320 189
321 189
322 189
323 189
324 189
325 189
326 189
327 189
328 189
329 189
330 189
331 189
332 189
333 189
334 189
335 189
336 189
337 189
338 189
339 189
312 190
313 190
314 190
315 190
316 190
317 190
318 190
319 190
320 190
321 190
322 190
323 190
324 190
325 190
326 190
327 190
328 190
329 190
330 190
331 190
332 190
333 190
334 190
335 190
336 190
337 190
338 190
339 190
312 191
313 191
314 191
315 191
316 191
317 191
318 191
319 191
320 191
321 191
322 191
323 191
324 191
325 191
326 191
327 191
328 191
329 191
330 191
331 191
332 191
333 191
334 191
335 191
336 191
337 191
338 191
312 192
313 192
314 192
315 192
316 192
317 192
318 192
319 192
320 192
321 192
322 192
323 192
324 192
325 192
326 192
327 192
328 192
329 192
330 192
331 192
332 192
333 192
334 192
335 192
336 192
337 192
312 193
313 193
314 193
315 193
316 193
317 193
318 193
319 193
320 193
321 193
322 193
323 193
324 193
325 193
326 193
327 193
328 193
329 193
330 193
331 193
332 193
333 193
334 193
335 193
336 193
312 194
313 194
314 194
315 194
316 194
317 194
318 194
319 194
320 194
321 194
322 194
323 194
324 194
325 194
326 194
327 194
328 194
329 194
330 194
331 194
332 194
333 194
334 194
335 194
336 194
312 195
313 195
314 195
315 195
316 195
317 195
318 195
319 195
320 195
321 195
322 195
323 195
324 195
325 195
326 195
327 195
328 195
329 195
330 195
331 195
332 195
333 195
334 195
335 195
312 196
313 196
314 196
315 196
316 196
317 196
318 196
319 196
320 196
321 196
322 196
323 196
324 196
325 196
326 196
327 196
328 196
329 196
330 196
331 196
332 196
333 196
334 196
335 196
312 197
313 197
314 197
315 197
316 197
317 197
318 197
319 197
320 197
321 197
322 197
323 197
324 197
325 197
326 197
327 197
328 197
329 197
330 197
331 197
332 197
333 197
334 197
335 197
312 198
313 198
314 198
315 198
316 198
317 198
318 198
319 198
320 198
321 198
322 198
323 198
324 198
325 198
326 198
327 198
328 198
329 198
330 198
331 198
332 198
333 198
334 198
335 198
312 199
313 199
314 199
315 199
316 199
317 199
318 199
319 199
320 199
321 199
322 199
323 199
324 199
325 199
326 199
327 199
328 199
329 199
330 199
331 199
332 199
333 199
334 199
312 200
313 200
314 200
315 200
316 200
317 200
318 200
319 200
320 200
321 200
322 200
323 200
324 200
325 200
326 200
327 200
328 200
329 200
330 200
331 200
332 200
312 201
313 201
314 201
315 201
316 201
317 201
318 201
319 201
320 201
321 201
322 201
323 201
324 201
325 201
326 201
327 201
328 201
329 201
330 201
331 201
312 202
313 202
314 202
315 202
316 202
317 202
318 202
319 202
320 202
321 202
322 202
323 202
324 202
325 202
326 202
327 202
328 202
329 202
330 202
331 202
313 203
314 203
315 203
316 203
317 203
318 203
319 203
320 203
321 203
322 203
323 203
324 203
325 203
326 203
327 203
328 203
329 203
330 203
315 204
316 204
317 204
318 204
319 204
320 204
321 204
322 204
323 204
324 204
325 204
326 204
327 204
328 204
316 205
317 205
318 205
319 205
320 205
321 205
322 205
323 205
324 205
325 205
326 205
327 205
317 206
318 206
319 206
320 206
321 206
322 206
323 206
324 206
325 206
326 206
319 207
320 207
321 207
322 207
323 207
324 207
325 207
