321 228
322 228
323 228
324 228
325 228
326 228
327 228
328 228
329 228
320 229
321 229
322 229
323 229
324 229
325 229
326 229
327 229
328 229
329 229
330 229
320 230
321 230
322 230
323 230
324 230
325 230
326 230
327 230
328 230
329 230
330 230
331 230
320 231
321 231
322 231
323 231
324 231
325 231
326 231
327 231
328 231
329 231
330 231
331 231
320 232
321 232
322 232
323 232
324 232
325 232
326 232
327 232
328 232
329 232
330 232
331 232
320 233
321 233
322 233
323 233
324 233
325 233
326 233
327 233
328 233
329 233
330 233
331 233
320 234
321 234
322 234
323 234
324 234
325 234
326 234
327 234
328 234
329 234
330 234
331 234
332 234
320 235
321 235
322 235
323 235
324 235
325 235
326 235
327 235
328 235
329 235
330 235
331 235
332 235
320 236
321 236
322 236
323 236
324 236
325 236
326 236
327 236
328 236
329 236
330 236
331 236
332 236
320 237
321 237
322 237
323 237
324 237
325 237
326 237
327 237
328 237
329 237
330 237
331 237
332 237
320 238
321 238
322 238
323 238
324 238
325 238
326 238
327 238
328 238
329 238
330 238
331 238
332 238
320 239
321 239
322 239
323 239
324 239
325 239
326 239
327 239
328 239
329 239
330 239
331 239
332 239
320 240
321 240
322 240
323 240
324 240
325 240
326 240
327 240
328 240
329 240
330 240
331 240
332 240
320 241
321 241
322 241
323 241
324 241
325 241
326 241
327 241
328 241
329 241
330 241
331 241
332 241
320 242
321 242
322 242
323 242
324 242
325 242
326 242
327 242
328 242
329 242
330 242
331 242
332 242
320 243
321 243
322 243
323 243
324 243
325 243
326 243
327 243
328 243
329 243
330 243
331 243
332 243
320 244
321 244
322 244
323 244
324 244
325 244
326 244
327 244
328 244
329 244
330 244
331 244
332 244
320 245
321 245
322 245
323 245
324 245
325 245
326 245
327 245
328 245
329 245
330 245
331 245
332 245
320 246
321 246
322 246
323 246
324 246
325 246
326 246
327 246
328 246
329 246
330 246
331 246
332 246
320 247
321 247
322 247
323 247
324 247
325 247
326 247
327 247
328 247
329 247
330 247
331 247
332 247
320 248
321 248
322 248
323 248
324 248
325 248
326 248
327 248
328 248
329 248
330 248
331 248
332 248
320 249
321 249
322 249
323 249
324 249
325 249
326 249
327 249
328 249
329 249
330 249
331 249
332 249
321 250
322 250
323 250
324 250
325 250
326 250
327 250
328 250
329 250
330 250
331 250
332 250
321 251
322 251
323 251
324 251
325 251
326 251
327 251
328 251
329 251
330 251
331 251
332 251
321 252
322 252
323 252
324 252
325 252
326 252
327 252
328 252
329 252
330 252
331 252
321 253
322 253
323 253
324 253
325 253
326 253
327 253
328 253
329 253
330 253
331 253
321 254
322 254
323 254
324 254
325 254
326 254
327 254
328 254
329 254
330 254
331 254
321 255
322 255
323 255
324 255
325 255
326 255
327 255
328 255
329 255
330 255
331 255
321 256
322 256
323 256
324 256
325 256
326 256
327 256
328 256
329 256
330 256
331 256
321 257
322 257
323 257
324 257
325 257
326 257
327 257
328 257
329 257
330 257
321 258
322 258
323 258
324 258
325 258
326 258
327 258
328 258
329 258
330 258
321 259
322 259
323 259
324 259
325 259
326 259
327 259
328 259
329 259
321 260
322 260
323 260
324 260
325 260
326 260
327 260
322 261
323 261
324 261
325 261
