280 168
281 168
282 168
283 168
284 168
285 168
286 168
287 168
288 168
289 168
290 168
278 169
279 169
280 169
281 169
282 169
283 169
284 169
285 169
286 169
287 169
288 169
289 169
290 169
291 169
277 170
278 170
279 170
280 170
281 170
282 170
283 170
284 170
285 170
286 170
287 170
288 170
289 170
290 170
291 170
277 171
278 171
279 171
280 171
281 171
282 171
283 171
284 171
285 171
286 171
287 171
288 171
289 171
290 171
291 171
292 171
276 172
277 172
278 172
279 172
280 172
281 172
282 172
283 172
284 172
285 172
286 172
287 172
288 172
289 172
290 172
291 172
292 172
293 172
276 173
277 173
278 173
279 173
280 173
281 173
282 173
283 173
284 173
285 173
286 173
287 173
288 173
289 173
290 173
291 173
292 173
293 173
294 173
276 174
277 174
278 174
279 174
280 174
281 174
282 174
283 174
284 174
285 174
286 174
287 174
288 174
289 174
290 174
291 174
292 174
293 174
294 174
295 174
276 175
277 175
278 175
279 175
280 175
281 175
282 175
283 175
284 175
285 175
286 175
287 175
288 175
289 175
290 175
291 175
292 175
293 175
294 175
295 175
276 176
277 176
278 176
279 176
280 176
281 176
282 176
283 176
284 176
285 176
286 176
287 176
288 176
289 176
290 176
291 176
292 176
293 176
294 176
295 176
276 177
277 177
278 177
279 177
280 177
281 177
282 177
283 177
284 177
285 177
286 177
287 177
288 177
289 177
290 177
291 177
292 177
293 177
294 177
295 177
276 178
277 178
278 178
279 178
280 178
281 178
282 178
283 178
284 178
285 178
286 178
287 178
288 178
289 178
290 178
291 178
292 178
293 178
294 178
295 178
276 179
277 179
278 179
279 179
280 179
281 179
282 179
283 179
284 179
285 179
286 179
287 179
288 179
289 179
290 179
291 179
292 179
293 179
294 179
295 179
276 180
277 180
278 180
279 180
280 180
281 180
282 180
283 180
284 180
285 180
286 180
287 180
288 180
289 180
290 180
291 180
292 180
293 180
294 180
295 180
276 181
277 181
278 181
279 181
280 181
281 181
282 181
283 181
284 181
285 181
286 181
287 181
288 181
289 181
290 181
291 181
292 181
293 181
294 181
295 181
276 182
277 182
278 182
279 182
280 182
281 182
282 182
283 182
284 182
285 182
286 182
287 182
288 182
289 182
290 182
291 182
292 182
293 182
294 182
295 182
276 183
277 183
278 183
279 183
280 183
281 183
282 183
283 183
284 183
285 183
286 183
287 183
288 183
289 183
290 183
291 183
292 183
293 183
294 183
295 183
296 183
276 184
277 184
278 184
279 184
280 184
281 184
282 184
283 184
284 184
285 184
286 184
287 184
288 184
289 184
290 184
291 184
292 184
293 184
294 184
295 184
296 184
297 184
276 185
277 185
278 185
279 185
280 185
281 185
282 185
283 185
284 185
285 185
286 185
287 185
288 185
289 185
290 185
291 185
292 185
293 185
294 185
295 185
296 185
297 185
276 186
277 186
278 186
279 186
280 186
281 186
282 186
283 186
284 186
285 186
286 186
287 186
288 186
289 186
290 186
291 186
292 186
293 186
294 186
295 186
296 186
297 186
298 186
276 187
277 187
278 187
279 187
280 187
281 187
282 187
283 187
284 187
285 187
286 187
287 187
288 187
289 187
290 187
291 187
292 187
293 187
294 187
295 187
296 187
297 187
298 187
276 188
277 188
278 188
279 188
280 188
281 188
282 188
283 188
284 188
285 188
286 188
287 188
288 188
289 188
290 188
291 188
292 188
293 188
294 188
295 188
296 188
297 188
298 188
299 188
276 189
277 189
278 189
279 189
280 189
281 189
282 189
283 189
284 189
285 189
286 189
287 189
288 189
289 189
290 189
291 189
292 189
293 189
294 189
295 189
296 189
297 189
298 189
299 189
276 190
277 190
278 190
279 190
280 190
281 190
282 190
283 190
284 190
285 190
286 190
287 190
288 190
289 190
290 190
291 190
292 190
293 190
294 190
295 190
296 190
297 190
298 190
299 190
277 191
278 191
279 191
280 191
281 191
282 191
283 191
284 191
285 191
286 191
287 191
288 191
289 191
290 191
291 191
292 191
293 191
294 191
295 191
296 191
297 191
298 191
299 191
278 192
279 192
280 192
281 192
282 192
283 192
284 192
285 192
286 192
287 192
288 192
289 192
290 192
291 192
292 192
293 192
294 192
295 192
296 192
297 192
298 192
299 192
279 193
280 193
281 193
282 193
283 193
284 193
285 193
286 193
287 193
288 193
289 193
290 193
291 193
292 193
293 193
294 193
295 193
296 193
297 193
298 193
299 193
279 194
280 194
281 194
282 194
283 194
284 194
285 194
286 194
287 194
288 194
289 194
290 194
291 194
292 194
293 194
294 194
295 194
296 194
297 194
298 194
299 194
280 195
281 195
282 195
283 195
284 195
285 195
286 195
287 195
288 195
289 195
290 195
291 195
292 195
293 195
294 195
295 195
296 195
297 195
298 195
299 195
300 195
280 196
281 196
282 196
283 196
284 196
285 196
286 196
287 196
288 196
289 196
290 196
291 196
292 196
293 196
294 196
295 196
296 196
297 196
298 196
299 196
300 196
281 197
282 197
283 197
284 197
285 197
286 197
287 197
288 197
289 197
290 197
291 197
292 197
293 197
294 197
295 197
296 197
297 197
298 197
299 197
300 197
281 198
282 198
283 198
284 198
285 198
286 198
287 198
288 198
289 198
290 198
291 198
292 198
293 198
294 198
295 198
296 198
297 198
298 198
299 198
300 198
283 199
284 199
285 199
286 199
287 199
288 199
289 199
290 199
291 199
292 199
293 199
294 199
295 199
296 199
297 199
298 199
299 199
300 199
284 200
285 200
286 200
287 200
288 200
289 200
290 200
291 200
292 200
293 200
294 200
295 200
296 200
297 200
298 200
299 200
300 200
285 201
286 201
287 201
288 201
289 201
290 201
291 201
292 201
293 201
294 201
295 201
296 201
297 201
298 201
299 201
300 201
285 202
286 202
287 202
288 202
289 202
290 202
291 202
292 202
293 202
294 202
295 202
296 202
297 202
298 202
299 202
300 202
287 203
288 203
289 203
290 203
291 203
292 203
293 203
294 203
295 203
296 203
297 203
298 203
299 203
289 204
290 204
291 204
292 204
293 204
294 204
295 204
296 204
297 204
298 204
299 204
290 205
291 205
292 205
293 205
294 205
295 205
296 205
297 205
298 205
299 205
291 206
292 206
293 206
294 206
295 206
296 206
297 206
298 206
299 206
292 207
293 207
294 207
295 207
296 207
297 207
298 207
294 208
295 208
296 208
297 208
