361 284
362 284
363 284
364 284
365 284
360 285
361 285
362 285
363 285
364 285
365 285
366 285
367 285
359 286
360 286
361 286
362 286
363 286
364 286
365 286
366 286
367 286
359 287
360 287
361 287
362 287
363 287
364 287
365 287
366 287
367 287
357 288
358 288
359 288
360 288
361 288
362 288
363 288
364 288
365 288
366 288
367 288
357 289
358 289
359 289
360 289
361 289
362 289
363 289
364 289
365 289
366 289
367 289
356 290
357 290
358 290
359 290
360 290
361 290
362 290
363 290
364 290
365 290
366 290
367 290
356 291
357 291
358 291
359 291
360 291
361 291
362 291
363 291
364 291
365 291
366 291
367 291
368 291
356 292
357 292
358 292
359 292
360 292
361 292
362 292
363 292
364 292
365 292
366 292
367 292
368 292
356 293
357 293
358 293
359 293
360 293
361 293
362 293
363 293
364 293
365 293
366 293
367 293
368 293
369 293
356 294
357 294
358 294
359 294
360 294
361 294
362 294
363 294
364 294
365 294
366 294
367 294
368 294
369 294
356 295
357 295
358 295
359 295
360 295
361 295
362 295
363 295
364 295
365 295
366 295
367 295
368 295
369 295
370 295
356 296
357 296
358 296
359 296
360 296
361 296
362 296
363 296
364 296
365 296
366 296
367 296
368 296
369 296
370 296
356 297
357 297
358 297
359 297
360 297
361 297
362 297
363 297
364 297
365 297
366 297
367 297
368 297
369 297
370 297
356 298
357 298
358 298
359 298
360 298
361 298
362 298
363 298
364 298
365 298
366 298
367 298
368 298
369 298
370 298
371 298
356 299
357 299
358 299
359 299
360 299
361 299
362 299
363 299
364 299
365 299
366 299
367 299
368 299
369 299
370 299
371 299
356 300
357 300
358 300
359 300
360 300
361 300
362 300
363 300
364 300
365 300
366 300
367 300
368 300
369 300
370 300
371 300
356 301
357 301
358 301
359 301
360 301
361 301
362 301
363 301
364 301
365 301
366 301
367 301
368 301
369 301
370 301
371 301
356 302
357 302
358 302
359 302
360 302
361 302
362 302
363 302
364 302
365 302
366 302
367 302
368 302
369 302
370 302
371 302
356 303
357 303
358 303
359 303
360 303
361 303
362 303
363 303
364 303
365 303
366 303
367 303
368 303
369 303
370 303
371 303
356 304
357 304
358 304
359 304
360 304
361 304
362 304
363 304
364 304
365 304
366 304
367 304
368 304
369 304
370 304
371 304
356 305
357 305
358 305
359 305
360 305
361 305
362 305
363 305
364 305
365 305
366 305
367 305
368 305
369 305
370 305
371 305
356 306
357 306
358 306
359 306
360 306
361 306
362 306
363 306
364 306
365 306
366 306
367 306
368 306
369 306
370 306
371 306
356 307
357 307
358 307
359 307
360 307
361 307
362 307
363 307
364 307
365 307
366 307
367 307
368 307
369 307
370 307
371 307
356 308
357 308
358 308
359 308
360 308
361 308
362 308
363 308
364 308
365 308
366 308
367 308
368 308
369 308
370 308
371 308
356 309
357 309
358 309
359 309
360 309
361 309
362 309
363 309
364 309
365 309
366 309
367 309
368 309
369 309
370 309
371 309
356 310
357 310
358 310
359 310
360 310
361 310
362 310
363 310
364 310
365 310
366 310
367 310
368 310
369 310
370 310
371 310
356 311
357 311
358 311
359 311
360 311
361 311
362 311
363 311
364 311
365 311
366 311
367 311
368 311
369 311
370 311
371 311
356 312
357 312
358 312
359 312
360 312
361 312
362 312
363 312
364 312
365 312
366 312
367 312
368 312
369 312
370 312
371 312
357 313
358 313
359 313
360 313
361 313
362 313
363 313
364 313
365 313
366 313
367 313
368 313
369 313
370 313
371 313
357 314
358 314
359 314
360 314
361 314
362 314
363 314
364 314
365 314
366 314
367 314
368 314
369 314
370 314
371 314
358 315
359 315
360 315
361 315
362 315
363 315
364 315
365 315
366 315
367 315
368 315
369 315
370 315
371 315
359 316
360 316
361 316
362 316
363 316
364 316
365 316
366 316
367 316
368 316
369 316
370 316
371 316
360 317
361 317
362 317
363 317
364 317
365 317
366 317
367 317
368 317
369 317
370 317
371 317
360 318
361 318
362 318
363 318
364 318
365 318
366 318
367 318
368 318
369 318
370 318
371 318
361 319
362 319
363 319
364 319
365 319
366 319
367 319
368 319
369 319
370 319
362 320
363 320
364 320
365 320
366 320
367 320
368 320
369 320
363 321
364 321
365 321
366 321
367 321
368 321
365 322
366 322
367 322
