338 308
339 308
340 308
341 308
342 308
343 308
344 308
345 308
346 308
337 309
338 309
339 309
340 309
341 309
342 309
343 309
344 309
345 309
346 309
347 309
336 310
337 310
338 310
339 310
340 310
341 310
342 310
343 310
344 310
345 310
346 310
347 310
336 311
337 311
338 311
339 311
340 311
341 311
342 311
343 311
344 311
345 311
346 311
347 311
348 311
336 312
337 312
338 312
339 312
340 312
341 312
342 312
343 312
344 312
345 312
346 312
347 312
348 312
349 312
336 313
337 313
338 313
339 313
340 313
341 313
342 313
343 313
344 313
345 313
346 313
347 313
348 313
349 313
350 313
336 314
337 314
338 314
339 314
340 314
341 314
342 314
343 314
344 314
345 314
346 314
347 314
348 314
349 314
350 314
351 314
336 315
337 315
338 315
339 315
340 315
341 315
342 315
343 315
344 315
345 315
346 315
347 315
348 315
349 315
350 315
351 315
336 316
337 316
338 316
339 316
340 316
341 316
342 316
343 316
344 316
345 316
346 316
347 316
348 316
349 316
350 316
351 316
336 317
337 317
338 317
339 317
340 317
341 317
342 317
343 317
344 317
345 317
346 317
347 317
348 317
349 317
350 317
351 317
336 318
337 318
338 318
339 318
340 318
341 318
342 318
343 318
344 318
345 318
346 318
347 318
348 318
349 318
350 318
351 318
352 318
336 319
337 319
338 319
339 319
340 319
341 319
342 319
343 319
344 319
345 319
346 319
347 319
348 319
349 319
350 319
351 319
352 319
353 319
336 320
337 320
338 320
339 320
340 320
341 320
342 320
343 320
344 320
345 320
346 320
347 320
348 320
349 320
350 320
351 320
352 320
353 320
354 320
336 321
337 321
338 321
339 321
340 321
341 321
342 321
343 321
344 321
345 321
346 321
347 321
348 321
349 321
350 321
351 321
352 321
353 321
354 321
336 322
337 322
338 322
339 322
340 322
341 322
342 322
343 322
344 322
345 322
346 322
347 322
348 322
349 322
350 322
351 322
352 322
353 322
354 322
355 322
336 323
337 323
338 323
339 323
340 323
341 323
342 323
343 323
344 323
345 323
346 323
347 323
348 323
349 323
350 323
351 323
352 323
353 323
354 323
355 323
336 324
337 324
338 324
339 324
340 324
341 324
342 324
343 324
344 324
345 324
346 324
347 324
348 324
349 324
350 324
351 324
352 324
353 324
354 324
355 324
336 325
337 325
338 325
339 325
340 325
341 325
342 325
343 325
344 325
345 325
346 325
347 325
348 325
349 325
350 325
351 325
352 325
353 325
354 325
355 325
336 326
337 326
338 326
339 326
340 326
341 326
342 326
343 326
344 326
345 326
346 326
347 326
348 326
349 326
350 326
351 326
352 326
353 326
354 326
355 326
336 327
337 327
338 327
339 327
340 327
341 327
342 327
343 327
344 327
345 327
346 327
347 327
348 327
349 327
350 327
351 327
352 327
353 327
354 327
355 327
336 328
337 328
338 328
339 328
340 328
341 328
342 328
343 328
344 328
345 328
346 328
347 328
348 328
349 328
350 328
351 328
352 328
353 328
354 328
336 329
337 329
338 329
339 329
340 329
341 329
342 329
343 329
344 329
345 329
346 329
347 329
348 329
349 329
350 329
351 329
352 329
353 329
354 329
336 330
337 330
338 330
339 330
340 330
341 330
342 330
343 330
344 330
345 330
346 330
347 330
348 330
349 330
350 330
351 330
352 330
353 330
354 330
336 331
337 331
338 331
339 331
340 331
341 331
342 331
343 331
344 331
345 331
346 331
347 331
348 331
349 331
350 331
351 331
352 331
353 331
336 332
337 332
338 332
339 332
340 332
341 332
342 332
343 332
344 332
345 332
346 332
347 332
348 332
349 332
350 332
351 332
352 332
336 333
337 333
338 333
339 333
340 333
341 333
342 333
343 333
344 333
345 333
346 333
347 333
348 333
349 333
350 333
351 333
336 334
337 334
338 334
339 334
340 334
341 334
342 334
343 334
344 334
345 334
346 334
347 334
348 334
349 334
350 334
351 334
337 335
338 335
339 335
340 335
341 335
342 335
343 335
344 335
345 335
346 335
347 335
348 335
349 335
350 335
337 336
338 336
339 336
340 336
341 336
342 336
343 336
344 336
345 336
346 336
347 336
348 336
339 337
340 337
341 337
342 337
343 337
344 337
345 337
346 337
341 338
342 338
343 338
344 338
345 338
