302 252
303 252
304 252
305 252
306 252
307 252
308 252
309 252
310 252
311 252
312 252
313 252
314 252
315 252
316 252
317 252
318 252
301 253
302 253
303 253
304 253
305 253
306 253
307 253
308 253
309 253
310 253
311 253
312 253
313 253
314 253
315 253
316 253
317 253
318 253
319 253
300 254
301 254
302 254
303 254
304 254
305 254
306 254
307 254
308 254
309 254
310 254
311 254
312 254
313 254
314 254
315 254
316 254
317 254
318 254
319 254
320 254
300 255
301 255
302 255
303 255
304 255
305 255
306 255
307 255
308 255
309 255
310 255
311 255
312 255
313 255
314 255
315 255
316 255
317 255
318 255
319 255
320 255
321 255
300 256
301 256
302 256
303 256
304 256
305 256
306 256
307 256
308 256
309 256
310 256
311 256
312 256
313 256
314 256
315 256
316 256
317 256
318 256
319 256
320 256
321 256
322 256
300 257
301 257
302 257
303 257
304 257
305 257
306 257
307 257
308 257
309 257
310 257
311 257
312 257
313 257
314 257
315 257
316 257
317 257
318 257
319 257
320 257
321 257
322 257
300 258
301 258
302 258
303 258
304 258
305 258
306 258
307 258
308 258
309 258
310 258
311 258
312 258
313 258
314 258
315 258
316 258
317 258
318 258
319 258
320 258
321 258
322 258
300 259
301 259
302 259
303 259
304 259
305 259
306 259
307 259
308 259
309 259
310 259
311 259
312 259
313 259
314 259
315 259
316 259
317 259
318 259
319 259
320 259
321 259
322 259
300 260
301 260
302 260
303 260
304 260
305 260
306 260
307 260
308 260
309 260
310 260
311 260
312 260
313 260
314 260
315 260
316 260
317 260
318 260
319 260
320 260
321 260
322 260
300 261
301 261
302 261
303 261
304 261
305 261
306 261
307 261
308 261
309 261
310 261
311 261
312 261
313 261
314 261
315 261
316 261
317 261
318 261
319 261
320 261
321 261
322 261
300 262
301 262
302 262
303 262
304 262
305 262
306 262
307 262
308 262
309 262
310 262
311 262
312 262
313 262
314 262
315 262
316 262
317 262
318 262
319 262
320 262
321 262
322 262
300 263
301 263
302 263
303 263
304 263
305 263
306 263
307 263
308 263
309 263
310 263
311 263
312 263
313 263
314 263
315 263
316 263
317 263
318 263
319 263
320 263
321 263
322 263
300 264
301 264
302 264
303 264
304 264
305 264
306 264
307 264
308 264
309 264
310 264
311 264
312 264
313 264
314 264
315 264
316 264
317 264
318 264
319 264
320 264
321 264
322 264
300 265
301 265
302 265
303 265
304 265
305 265
306 265
307 265
308 265
309 265
310 265
311 265
312 265
313 265
314 265
315 265
316 265
317 265
318 265
319 265
320 265
321 265
322 265
300 266
301 266
302 266
303 266
304 266
305 266
306 266
307 266
308 266
309 266
310 266
311 266
312 266
313 266
314 266
315 266
316 266
317 266
318 266
319 266
320 266
321 266
322 266
300 267
301 267
302 267
303 267
304 267
305 267
306 267
307 267
308 267
309 267
310 267
311 267
312 267
313 267
314 267
315 267
316 267
317 267
318 267
319 267
320 267
321 267
300 268
301 268
302 268
303 268
304 268
305 268
306 268
307 268
308 268
309 268
310 268
311 268
312 268
313 268
314 268
315 268
316 268
317 268
318 268
319 268
320 268
321 268
300 269
301 269
302 269
303 269
304 269
305 269
306 269
307 269
308 269
309 269
310 269
311 269
312 269
313 269
314 269
315 269
316 269
317 269
318 269
319 269
320 269
300 270
301 270
302 270
303 270
304 270
305 270
306 270
307 270
308 270
309 270
310 270
311 270
312 270
313 270
314 270
315 270
316 270
317 270
318 270
319 270
320 270
300 271
301 271
302 271
303 271
304 271
305 271
306 271
307 271
308 271
309 271
310 271
311 271
312 271
313 271
314 271
315 271
316 271
317 271
318 271
319 271
320 271
300 272
301 272
302 272
303 272
304 272
305 272
306 272
307 272
308 272
309 272
310 272
311 272
312 272
313 272
314 272
315 272
316 272
317 272
318 272
319 272
301 273
302 273
303 273
304 273
305 273
306 273
307 273
308 273
309 273
310 273
311 273
312 273
313 273
314 273
315 273
316 273
317 273
318 273
319 273
301 274
302 274
303 274
304 274
305 274
306 274
307 274
308 274
309 274
310 274
311 274
312 274
313 274
314 274
315 274
316 274
317 274
318 274
319 274
301 275
302 275
303 275
304 275
305 275
306 275
307 275
308 275
309 275
310 275
311 275
312 275
313 275
314 275
315 275
316 275
317 275
318 275
319 275
301 276
302 276
303 276
304 276
305 276
306 276
307 276
308 276
309 276
310 276
311 276
312 276
313 276
314 276
315 276
316 276
317 276
318 276
319 276
302 277
303 277
304 277
305 277
306 277
307 277
308 277
309 277
310 277
311 277
312 277
313 277
314 277
315 277
316 277
317 277
318 277
319 277
302 278
303 278
304 278
305 278
306 278
307 278
308 278
309 278
310 278
311 278
312 278
313 278
314 278
315 278
316 278
317 278
318 278
319 278
303 279
304 279
305 279
306 279
307 279
308 279
309 279
310 279
311 279
312 279
313 279
314 279
315 279
316 279
317 279
318 279
303 280
304 280
305 280
306 280
307 280
308 280
309 280
310 280
311 280
312 280
313 280
314 280
315 280
316 280
317 280
318 280
303 281
304 281
305 281
306 281
307 281
308 281
309 281
310 281
311 281
312 281
313 281
314 281
315 281
316 281
317 281
304 282
305 282
306 282
307 282
308 282
309 282
310 282
311 282
312 282
313 282
314 282
315 282
316 282
317 282
304 283
305 283
306 283
307 283
308 283
309 283
310 283
311 283
312 283
313 283
314 283
315 283
316 283
317 283
304 284
305 284
306 284
307 284
308 284
309 284
310 284
311 284
312 284
313 284
314 284
315 284
316 284
317 284
304 285
305 285
306 285
307 285
308 285
309 285
310 285
311 285
312 285
313 285
314 285
315 285
316 285
317 285
305 286
306 286
307 286
308 286
309 286
310 286
311 286
312 286
313 286
314 286
315 286
316 286
317 286
318 286
305 287
306 287
307 287
308 287
309 287
310 287
311 287
312 287
313 287
314 287
315 287
316 287
317 287
318 287
305 288
306 288
307 288
308 288
309 288
310 288
311 288
312 288
313 288
314 288
315 288
316 288
317 288
318 288
305 289
306 289
307 289
308 289
309 289
310 289
311 289
312 289
313 289
314 289
315 289
316 289
317 289
318 289
319 289
305 290
306 290
307 290
308 290
309 290
310 290
311 290
312 290
313 290
314 290
315 290
316 290
317 290
318 290
319 290
305 291
306 291
307 291
308 291
309 291
310 291
311 291
312 291
313 291
314 291
315 291
316 291
317 291
318 291
319 291
304 292
305 292
306 292
307 292
308 292
309 292
310 292
311 292
312 292
313 292
314 292
315 292
316 292
317 292
318 292
319 292
304 293
305 293
306 293
307 293
308 293
309 293
310 293
311 293
312 293
313 293
314 293
315 293
316 293
317 293
318 293
319 293
304 294
305 294
306 294
307 294
308 294
309 294
310 294
311 294
312 294
313 294
314 294
315 294
316 294
317 294
318 294
319 294
304 295
305 295
306 295
307 295
308 295
309 295
310 295
311 295
312 295
313 295
314 295
315 295
316 295
317 295
318 295
319 295
303 296
304 296
305 296
306 296
307 296
308 296
309 296
310 296
311 296
312 296
313 296
314 296
315 296
316 296
317 296
318 296
319 296
303 297
304 297
305 297
306 297
307 297
308 297
309 297
310 297
311 297
312 297
313 297
314 297
315 297
316 297
317 297
318 297
319 297
302 298
303 298
304 298
305 298
306 298
307 298
308 298
309 298
310 298
311 298
312 298
313 298
314 298
315 298
316 298
317 298
318 298
319 298
302 299
303 299
304 299
305 299
306 299
307 299
308 299
309 299
310 299
311 299
312 299
313 299
314 299
315 299
316 299
317 299
318 299
319 299
302 300
303 300
304 300
305 300
306 300
307 300
308 300
309 300
310 300
311 300
312 300
313 300
314 300
315 300
316 300
317 300
318 300
319 300
302 301
303 301
304 301
305 301
306 301
307 301
308 301
309 301
310 301
311 301
312 301
313 301
314 301
315 301
316 301
317 301
318 301
319 301
302 302
303 302
304 302
305 302
306 302
307 302
308 302
309 302
310 302
311 302
312 302
313 302
314 302
315 302
316 302
317 302
318 302
319 302
303 303
304 303
305 303
306 303
307 303
308 303
309 303
310 303
311 303
312 303
313 303
314 303
315 303
316 303
317 303
318 303
319 303
303 304
304 304
305 304
306 304
307 304
308 304
309 304
310 304
311 304
312 304
313 304
314 304
315 304
316 304
317 304
318 304
319 304
304 305
305 305
306 305
307 305
308 305
309 305
310 305
311 305
312 305
313 305
314 305
315 305
316 305
317 305
318 305
319 305
305 306
306 306
307 306
308 306
309 306
310 306
311 306
312 306
313 306
314 306
315 306
316 306
317 306
318 306
319 306
307 307
308 307
309 307
310 307
311 307
312 307
313 307
314 307
315 307
316 307
317 307
318 307
