294 212
295 212
296 212
297 212
298 212
299 212
300 212
301 212
302 212
303 212
304 212
305 212
306 212
307 212
308 212
309 212
310 212
293 213
294 213
295 213
296 213
297 213
298 213
299 213
300 213
301 213
302 213
303 213
304 213
305 213
306 213
307 213
308 213
309 213
310 213
311 213
292 214
293 214
294 214
295 214
296 214
297 214
298 214
299 214
300 214
301 214
302 214
303 214
304 214
305 214
306 214
307 214
308 214
309 214
310 214
311 214
312 214
292 215
293 215
294 215
295 215
296 215
297 215
298 215
299 215
300 215
301 215
302 215
303 215
304 215
305 215
306 215
307 215
308 215
309 215
310 215
311 215
312 215
313 215
292 216
293 216
294 216
295 216
296 216
297 216
298 216
299 216
300 216
301 216
302 216
303 216
304 216
305 216
306 216
307 216
308 216
309 216
310 216
311 216
312 216
313 216
314 216
292 217
293 217
294 217
295 217
296 217
297 217
298 217
299 217
300 217
301 217
302 217
303 217
304 217
305 217
306 217
307 217
308 217
309 217
310 217
311 217
312 217
313 217
314 217
315 217
292 218
293 218
294 218
295 218
296 218
297 218
298 218
299 218
300 218
301 218
302 218
303 218
304 218
305 218
306 218
307 218
308 218
309 218
310 218
311 218
312 218
313 218
314 218
315 218
292 219
293 219
294 219
295 219
296 219
297 219
298 219
299 219
300 219
301 219
302 219
303 219
304 219
305 219
306 219
307 219
308 219
309 219
310 219
311 219
312 219
313 219
314 219
315 219
316 219
292 220
293 220
294 220
295 220
296 220
297 220
298 220
299 220
300 220
301 220
302 220
303 220
304 220
305 220
306 220
307 220
308 220
309 220
310 220
311 220
312 220
313 220
314 220
315 220
316 220
292 221
293 221
294 221
295 221
296 221
297 221
298 221
299 221
300 221
301 221
302 221
303 221
304 221
305 221
306 221
307 221
308 221
309 221
310 221
311 221
312 221
313 221
314 221
315 221
316 221
292 222
293 222
294 222
295 222
296 222
297 222
298 222
299 222
300 222
301 222
302 222
303 222
304 222
305 222
306 222
307 222
308 222
309 222
310 222
311 222
312 222
313 222
314 222
315 222
316 222
317 222
292 223
293 223
294 223
295 223
296 223
297 223
298 223
299 223
300 223
301 223
302 223
303 223
304 223
305 223
306 223
307 223
308 223
309 223
310 223
311 223
312 223
313 223
314 223
315 223
316 223
317 223
292 224
293 224
294 224
295 224
296 224
297 224
298 224
299 224
300 224
301 224
302 224
303 224
304 224
305 224
306 224
307 224
308 224
309 224
310 224
311 224
312 224
313 224
314 224
315 224
316 224
317 224
292 225
293 225
294 225
295 225
296 225
297 225
298 225
299 225
300 225
301 225
302 225
303 225
304 225
305 225
306 225
307 225
308 225
309 225
310 225
311 225
312 225
313 225
314 225
315 225
316 225
317 225
318 225
292 226
293 226
294 226
295 226
296 226
297 226
298 226
299 226
300 226
301 226
302 226
303 226
304 226
305 226
306 226
307 226
308 226
309 226
310 226
311 226
312 226
313 226
314 226
315 226
316 226
317 226
318 226
292 227
293 227
294 227
295 227
296 227
297 227
298 227
299 227
300 227
301 227
302 227
303 227
304 227
305 227
306 227
307 227
308 227
309 227
310 227
311 227
312 227
313 227
314 227
315 227
316 227
317 227
318 227
292 228
293 228
294 228
295 228
296 228
297 228
298 228
299 228
300 228
301 228
302 228
303 228
304 228
305 228
306 228
307 228
308 228
309 228
310 228
311 228
312 228
313 228
314 228
315 228
316 228
317 228
318 228
292 229
293 229
294 229
295 229
296 229
297 229
298 229
299 229
300 229
301 229
302 229
303 229
304 229
305 229
306 229
307 229
308 229
309 229
310 229
311 229
312 229
313 229
314 229
315 229
316 229
317 229
318 229
292 230
293 230
294 230
295 230
296 230
297 230
298 230
299 230
300 230
301 230
302 230
303 230
304 230
305 230
306 230
307 230
308 230
309 230
310 230
311 230
312 230
313 230
314 230
315 230
316 230
317 230
318 230
292 231
293 231
294 231
295 231
296 231
297 231
298 231
299 231
300 231
301 231
302 231
303 231
304 231
305 231
306 231
307 231
308 231
309 231
310 231
311 231
312 231
313 231
314 231
315 231
316 231
317 231
318 231
292 232
293 232
294 232
295 232
296 232
297 232
298 232
299 232
300 232
301 232
302 232
303 232
304 232
305 232
306 232
307 232
308 232
309 232
310 232
311 232
312 232
313 232
314 232
315 232
316 232
317 232
318 232
292 233
293 233
294 233
295 233
296 233
297 233
298 233
299 233
300 233
301 233
302 233
303 233
304 233
305 233
306 233
307 233
308 233
309 233
310 233
311 233
312 233
313 233
314 233
315 233
316 233
317 233
318 233
319 233
292 234
293 234
294 234
295 234
296 234
297 234
298 234
299 234
300 234
301 234
302 234
303 234
304 234
305 234
306 234
307 234
308 234
309 234
310 234
311 234
312 234
313 234
314 234
315 234
316 234
317 234
318 234
319 234
292 235
293 235
294 235
295 235
296 235
297 235
298 235
299 235
300 235
301 235
302 235
303 235
304 235
305 235
306 235
307 235
308 235
309 235
310 235
311 235
312 235
313 235
314 235
315 235
316 235
317 235
318 235
292 236
293 236
294 236
295 236
296 236
297 236
298 236
299 236
300 236
301 236
302 236
303 236
304 236
305 236
306 236
307 236
308 236
309 236
310 236
311 236
312 236
313 236
314 236
315 236
316 236
317 236
318 236
292 237
293 237
294 237
295 237
296 237
297 237
298 237
299 237
300 237
301 237
302 237
303 237
304 237
305 237
306 237
307 237
308 237
309 237
310 237
311 237
312 237
313 237
314 237
315 237
316 237
317 237
318 237
292 238
293 238
294 238
295 238
296 238
297 238
298 238
299 238
300 238
301 238
302 238
303 238
304 238
305 238
306 238
307 238
308 238
309 238
310 238
311 238
312 238
313 238
314 238
315 238
316 238
317 238
318 238
292 239
293 239
294 239
295 239
296 239
297 239
298 239
299 239
300 239
301 239
302 239
303 239
304 239
305 239
306 239
307 239
308 239
309 239
310 239
311 239
312 239
313 239
314 239
315 239
316 239
317 239
318 239
293 240
294 240
295 240
296 240
297 240
298 240
299 240
300 240
301 240
302 240
303 240
304 240
305 240
306 240
307 240
308 240
309 240
310 240
311 240
312 240
313 240
314 240
315 240
316 240
317 240
318 240
293 241
294 241
295 241
296 241
297 241
298 241
299 241
300 241
301 241
302 241
303 241
304 241
305 241
306 241
307 241
308 241
309 241
310 241
311 241
312 241
313 241
314 241
315 241
316 241
317 241
318 241
294 242
295 242
296 242
297 242
298 242
299 242
300 242
301 242
302 242
303 242
304 242
305 242
306 242
307 242
308 242
309 242
310 242
311 242
312 242
313 242
314 242
315 242
316 242
317 242
295 243
296 243
297 243
298 243
299 243
300 243
301 243
302 243
303 243
304 243
305 243
306 243
307 243
308 243
309 243
310 243
311 243
312 243
313 243
314 243
315 243
316 243
317 243
296 244
297 244
298 244
299 244
300 244
301 244
302 244
303 244
304 244
305 244
306 244
307 244
308 244
309 244
310 244
311 244
312 244
313 244
314 244
315 244
316 244
317 244
296 245
297 245
298 245
299 245
300 245
301 245
302 245
303 245
304 245
305 245
306 245
307 245
308 245
309 245
310 245
311 245
312 245
313 245
314 245
315 245
316 245
297 246
298 246
299 246
300 246
301 246
302 246
303 246
304 246
305 246
306 246
307 246
308 246
309 246
310 246
311 246
312 246
313 246
314 246
315 246
316 246
298 247
299 247
300 247
301 247
302 247
303 247
304 247
305 247
306 247
307 247
308 247
309 247
310 247
311 247
312 247
313 247
314 247
315 247
316 247
300 248
301 248
302 248
303 248
304 248
305 248
306 248
307 248
308 248
309 248
310 248
311 248
312 248
313 248
314 248
315 248
301 249
302 249
303 249
304 249
305 249
306 249
307 249
308 249
309 249
310 249
311 249
312 249
313 249
314 249
315 249
302 250
303 250
304 250
305 250
306 250
307 250
308 250
309 250
310 250
311 250
312 250
313 250
314 250
315 250
304 251
305 251
306 251
307 251
308 251
309 251
310 251
311 251
312 251
313 251
314 251
308 252
309 252
310 252
311 252
312 252
313 252
