368 232
369 232
370 232
371 232
358 233
359 233
360 233
362 233
363 233
364 233
365 233
366 233
367 233
368 233
369 233
370 233
371 233
372 233
373 233
374 233
357 234
358 234
359 234
360 234
361 234
362 234
363 234
364 234
365 234
366 234
367 234
368 234
369 234
370 234
371 234
372 234
373 234
374 234
357 235
358 235
359 235
360 235
361 235
362 235
363 235
364 235
365 235
366 235
367 235
368 235
369 235
370 235
371 235
372 235
373 235
374 235
356 236
357 236
358 236
359 236
360 236
361 236
362 236
363 236
364 236
365 236
366 236
367 236
368 236
369 236
370 236
371 236
372 236
373 236
374 236
375 236
356 237
357 237
358 237
359 237
360 237
361 237
362 237
363 237
364 237
365 237
366 237
367 237
368 237
369 237
370 237
371 237
372 237
373 237
374 237
375 237
356 238
357 238
358 238
359 238
360 238
361 238
362 238
363 238
364 238
365 238
366 238
367 238
368 238
369 238
370 238
371 238
372 238
373 238
374 238
375 238
356 239
357 239
358 239
359 239
360 239
361 239
362 239
363 239
364 239
365 239
366 239
367 239
368 239
369 239
370 239
371 239
372 239
373 239
374 239
375 239
356 240
357 240
358 240
359 240
360 240
361 240
362 240
363 240
364 240
365 240
366 240
367 240
368 240
369 240
370 240
371 240
372 240
373 240
374 240
375 240
356 241
357 241
358 241
359 241
360 241
361 241
362 241
363 241
364 241
365 241
366 241
367 241
368 241
369 241
370 241
371 241
372 241
373 241
374 241
375 241
356 242
357 242
358 242
359 242
360 242
361 242
362 242
363 242
364 242
365 242
366 242
367 242
368 242
369 242
370 242
371 242
372 242
373 242
374 242
356 243
357 243
358 243
359 243
360 243
361 243
362 243
363 243
364 243
365 243
366 243
367 243
368 243
369 243
370 243
371 243
372 243
373 243
374 243
356 244
357 244
358 244
359 244
360 244
361 244
362 244
363 244
364 244
365 244
366 244
367 244
368 244
369 244
370 244
371 244
372 244
373 244
374 244
356 245
357 245
358 245
359 245
360 245
361 245
362 245
363 245
364 245
365 245
366 245
367 245
368 245
369 245
370 245
371 245
372 245
373 245
374 245
356 246
357 246
358 246
359 246
360 246
361 246
362 246
363 246
364 246
365 246
366 246
367 246
368 246
369 246
370 246
371 246
372 246
373 246
374 246
356 247
357 247
358 247
359 247
360 247
361 247
362 247
363 247
364 247
365 247
366 247
367 247
368 247
369 247
370 247
371 247
372 247
373 247
356 248
357 248
358 248
359 248
360 248
361 248
362 248
363 248
364 248
365 248
366 248
367 248
368 248
369 248
370 248
371 248
372 248
373 248
356 249
357 249
358 249
359 249
360 249
361 249
362 249
363 249
364 249
365 249
366 249
367 249
368 249
369 249
370 249
371 249
372 249
356 250
357 250
358 250
359 250
360 250
361 250
362 250
363 250
364 250
365 250
366 250
367 250
368 250
369 250
370 250
371 250
372 250
356 251
357 251
358 251
359 251
360 251
361 251
362 251
363 251
364 251
365 251
366 251
367 251
368 251
369 251
370 251
371 251
356 252
357 252
358 252
359 252
360 252
361 252
362 252
363 252
364 252
365 252
366 252
367 252
368 252
369 252
370 252
371 252
356 253
357 253
358 253
359 253
360 253
361 253
362 253
363 253
364 253
365 253
366 253
367 253
368 253
369 253
370 253
356 254
357 254
358 254
359 254
360 254
361 254
362 254
363 254
364 254
365 254
366 254
367 254
368 254
369 254
370 254
357 255
358 255
359 255
360 255
361 255
362 255
363 255
364 255
365 255
366 255
367 255
368 255
369 255
358 256
359 256
360 256
361 256
362 256
363 256
364 256
365 256
366 256
367 256
360 257
361 257
362 257
363 257
364 257
365 257
366 257
