348 261
349 261
350 261
351 261
352 261
353 261
354 261
355 261
356 261
357 261
358 261
346 262
347 262
348 262
349 262
350 262
351 262
352 262
353 262
354 262
355 262
356 262
357 262
358 262
359 262
345 263
346 263
347 263
348 263
349 263
350 263
351 263
352 263
353 263
354 263
355 263
356 263
357 263
358 263
359 263
345 264
346 264
347 264
348 264
349 264
350 264
351 264
352 264
353 264
354 264
355 264
356 264
357 264
358 264
359 264
345 265
346 265
347 265
348 265
349 265
350 265
351 265
352 265
353 265
354 265
355 265
356 265
357 265
358 265
359 265
360 265
345 266
346 266
347 266
348 266
349 266
350 266
351 266
352 266
353 266
354 266
355 266
356 266
357 266
358 266
359 266
360 266
345 267
346 267
347 267
348 267
349 267
350 267
351 267
352 267
353 267
354 267
355 267
356 267
357 267
358 267
359 267
360 267
344 268
345 268
346 268
347 268
348 268
349 268
350 268
351 268
352 268
353 268
354 268
355 268
356 268
357 268
358 268
359 268
360 268
361 268
344 269
345 269
346 269
347 269
348 269
349 269
350 269
351 269
352 269
353 269
354 269
355 269
356 269
357 269
358 269
359 269
360 269
361 269
344 270
345 270
346 270
347 270
348 270
349 270
350 270
351 270
352 270
353 270
354 270
355 270
356 270
357 270
358 270
359 270
360 270
361 270
344 271
345 271
346 271
347 271
348 271
349 271
350 271
351 271
352 271
353 271
354 271
355 271
356 271
357 271
358 271
359 271
360 271
361 271
344 272
345 272
346 272
347 272
348 272
349 272
350 272
351 272
352 272
353 272
354 272
355 272
356 272
357 272
358 272
359 272
360 272
361 272
344 273
345 273
346 273
347 273
348 273
349 273
350 273
351 273
352 273
353 273
354 273
355 273
356 273
357 273
358 273
359 273
360 273
361 273
344 274
345 274
346 274
347 274
348 274
349 274
350 274
351 274
352 274
353 274
354 274
355 274
356 274
357 274
358 274
359 274
360 274
361 274
344 275
345 275
346 275
347 275
348 275
349 275
350 275
351 275
352 275
353 275
354 275
355 275
356 275
357 275
358 275
359 275
360 275
361 275
345 276
346 276
347 276
348 276
349 276
350 276
351 276
352 276
353 276
354 276
355 276
356 276
357 276
358 276
359 276
360 276
361 276
345 277
346 277
347 277
348 277
349 277
350 277
351 277
352 277
353 277
354 277
355 277
356 277
357 277
358 277
359 277
360 277
361 277
345 278
346 278
347 278
348 278
349 278
350 278
351 278
352 278
353 278
354 278
355 278
356 278
357 278
358 278
359 278
360 278
345 279
346 279
347 279
348 279
349 279
350 279
351 279
352 279
353 279
354 279
355 279
356 279
357 279
358 279
359 279
345 280
346 280
347 280
348 280
349 280
356 280
357 280
358 280
359 280
345 281
346 281
347 281
348 281
357 281
358 281
346 282
357 282
358 282
357 283
358 283
359 283
357 284
358 284
359 284
360 284
357 285
358 285
359 285
360 285
361 285
