393 272
394 272
395 272
396 272
397 272
398 272
399 272
400 272
401 272
392 273
393 273
394 273
395 273
396 273
397 273
398 273
399 273
400 273
401 273
402 273
403 273
392 274
393 274
394 274
395 274
396 274
397 274
398 274
399 274
400 274
401 274
402 274
403 274
392 275
393 275
394 275
395 275
396 275
397 275
398 275
399 275
400 275
401 275
402 275
403 275
392 276
393 276
394 276
395 276
396 276
397 276
398 276
399 276
400 276
401 276
402 276
403 276
392 277
393 277
394 277
395 277
396 277
397 277
398 277
399 277
400 277
401 277
402 277
403 277
392 278
393 278
394 278
395 278
396 278
397 278
398 278
399 278
400 278
401 278
402 278
403 278
404 278
392 279
393 279
394 279
395 279
396 279
397 279
398 279
399 279
400 279
401 279
402 279
403 279
392 280
393 280
394 280
395 280
396 280
397 280
398 280
399 280
400 280
401 280
402 280
403 280
392 281
393 281
394 281
395 281
396 281
397 281
398 281
399 281
400 281
401 281
402 281
403 281
392 282
393 282
394 282
395 282
396 282
397 282
398 282
399 282
400 282
401 282
402 282
403 282
392 283
393 283
394 283
395 283
396 283
397 283
398 283
399 283
400 283
401 283
402 283
403 283
392 284
393 284
394 284
395 284
396 284
397 284
398 284
399 284
400 284
401 284
402 284
403 284
392 285
393 285
394 285
395 285
396 285
397 285
398 285
399 285
400 285
401 285
402 285
403 285
392 286
393 286
394 286
395 286
396 286
397 286
398 286
399 286
400 286
401 286
402 286
403 286
392 287
393 287
394 287
395 287
396 287
397 287
398 287
399 287
400 287
401 287
402 287
403 287
392 288
393 288
394 288
395 288
396 288
397 288
398 288
399 288
400 288
401 288
402 288
392 289
393 289
394 289
395 289
396 289
397 289
398 289
399 289
400 289
401 289
402 289
392 290
393 290
394 290
395 290
396 290
397 290
398 290
399 290
400 290
401 290
392 291
393 291
394 291
395 291
396 291
397 291
398 291
399 291
400 291
392 292
393 292
394 292
395 292
396 292
397 292
398 292
399 292
400 292
392 293
393 293
394 293
395 293
396 293
397 293
398 293
399 293
392 294
393 294
394 294
395 294
396 294
397 294
398 294
399 294
392 295
393 295
394 295
395 295
396 295
397 295
398 295
393 296
394 296
395 296
396 296
397 296
393 297
394 297
395 297
393 298
394 298
